4 0.85546875 0.341204280116131 0.05625 0.21315452800763596
4 0.61640625 0.711860036083678 0.05625 0.16940452800763595
0 0.46796875 0.3296640593968607 0.0171875 0.03769999466899989
3 0.696875 0.24014012476126836 0.040625 0.2098477146721816
1 0.7515625 0.18999522143535894 0.03125 0.07380112667090888
3 0.653125 0.39822479742199596 0.0421875 0.21767839600572705
3 0.70703125 0.5715083034293138 0.0484375 0.23650112133990878
3 0.55 0.5384310794079965 0.065625 0.2710761160089087
3 0.45 0.4482049740610881 0.05625 0.23815452800763595
3 0.4015625 0.5382663527211793 0.078125 0.2571590666772723
3 0.3765625 0.45047545138445216 0.059375 0.21787839067472686
3 0.3234375 0.29673228604390706 0.06875 0.21642497867599958
3 0.253125 0.29982037603436207 0.0734375 0.23522952267663594
3 0.1671875 0.5027266526893627 0.05 0.23183180267345413
4 0.19296875 0.20849539469286243 0.0484375 0.18493862133990877
6 0.64375 0.8559282094207233 0.09375 0.033903380012726816
6 0.3796875 0.8466055640515432 0.0359375 0.02385567067154497
7 0.55859375 0.8697810767424965 0.021875 0.05337953866963616
7 0.4375 0.8691532733927246 0.0421875 0.059865896005727136
8 0.4984375 0.8589248454009969 0.05 0.03339430267345413
5 0.51328125 0.8872225680696786 0.0234375 0.0330852200031817
2 0.4859375 0.8869043947326333 0.0234375 0.03308522000318135