7 0.48828125 0.8770594872123805 0.0515625 0.06436248184962742
7 0.6078125 0.8652548996819714 0.0484375 0.05653180113146803
6 0.66640625 0.841377038147457 0.0375 0.029905668617910663
6 0.3984375 0.8640367915653027 0.0953125 0.036492011903856536
8 0.54609375 0.8555208304983264 0.0515625 0.03779998184962743
5 0.53359375 0.8890418576256895 0.025 0.032957945745273776
2 0.5609375 0.8860759389095827 0.0296875 0.0314227168225127
3 0.34296875 0.3738703338179761 0.103125 0.19903746369925485
3 0.540625 0.4468952642415477 0.075 0.15512383723582168
3 0.6125 0.4371571707592102 0.05625 0.21751475292686617
3 0.6859375 0.47820941763595215 0.0828125 0.21298178903121964
0 0.6890625 0.5915088483541113 0.0265625 0.03452953610435365
3 0.7953125 0.5952519927715254 0.084375 0.19267837939029936
4 0.7265625 0.3393832669720222 0.0375 0.18303066861791084
4 0.02109375 0.4040289698475748 0.0421875 0.17368293969514959
3 0.571875 0.5095770714231401 0.0609375 0.1394170240041051
3 0.571875 0.6025458214231401 0.1046875 0.20685905405833438
3 0.6453125 0.6146918182998821 0.1125 0.25065450585373233
3 0.46796875 0.5519413125443455 0.0546875 0.23000566256778665
1 0.6671875 0.2843503333269968 0.0390625 0.07053975897699045