6 0.6125218268840891 0.9366865519175945 0.10023634933607006 0.04178860534690827
7 0.5172275076022483 0.9409206132638669 0.0363011143631848 0.06291817067154497
5 0.46727295939764646 0.9493149159373211 0.026753397540672096 0.03312158267027243
2 0.43755818832040755 0.9449728612746846 0.026717036104353477 0.026871582670272433
8 0.4584655859592754 0.912696163271821 0.05647725897699054 0.03971702800763595
7 0.3905286522160541 0.9189558012810479 0.050372704722264315 0.06464430267345449
6 0.3325025287776831 0.8829097606222295 0.042369307181592396 0.03174089600572714
1 0.8101300206844554 0.2546536598902323 0.05674996974937905 0.08659202800763595
4 0.8709089602814093 0.3609849285487327 0.09192492134838517 0.2244920173456358
3 0.7339407462875668 0.4539911359007318 0.13119649960721666 0.26088405068427195
3 0.7354163669954634 0.3047451139004137 0.08561128883482798 0.21348179201145392
3 0.6738344932625047 0.46328486724223145 0.0999374092481368 0.2589579240133631
4 0.47728324277152545 0.7898126466025029 0.08211358411256367 0.1493829293443632
3 0.6641378272768726 0.6766933865770496 0.10764082493918145 0.24029883068109026
3 0.6506662006170478 0.7784195185789586 0.09663969242562409 0.22923406134627217
3 0.497262382022578 0.329392767266094 0.15125446955298721 0.21737040802036267
3 0.3847129059284872 0.4564921639481387 0.09351469242562419 0.22919769867918127
4 0.2386317497054124 0.19176768730109237 0.09032605991206681 0.21822383601209036
3 0.1727628726528041 0.5534960753103192 0.11880558391617199 0.27948860001590836
3 0.3078236738824681 0.5355171399586383 0.10154536104353493 0.26678860534690846
0 0.2775311441228264 0.297572244629229 0.02363748789975162 0.034647720003181705
3 0.2581907916634984 0.33061201129854706 0.10608741529826116 0.24184314934754472