7 0.31640625 0.9338182799570476 0.0203125 0.040861357336090975
7 0.23984375 0.9386154153007741 0.0140625 0.04078863200190881
5 0.165625 0.9426040286441829 0.01875 0.028343176002545434
2 0.14296875 0.9452114079805918 0.0234375 0.0330852200031817
8 0.1953125 0.9406960833068194 0.0390625 0.03326703333863605
4 0.421875 0.9036847899427298 0.06875 0.18361247867599956
4 0.659375 0.3431087272438223 0.059375 0.18506589067472684
3 0.18984375 0.4040409679742284 0.0640625 0.2226204346753633
3 0.4640625 0.4672563939370029 0.06875 0.23048747867599956
0 0.73828125 0.4226593198997774 0.01875 0.03146817600254544
3 0.75703125 0.454472393897232 0.06875 0.24611247867599956
3 0.5515625 0.548269489258458 0.06875 0.28048747867599955
3 0.4171875 0.6951455839433661 0.0640625 0.2601204346753633
3 0.33671875 0.5554569226209567 0.08125 0.22438292934436319
3 0.17578125 0.8276420999761374 0.1015625 0.3121192866804542
1 0.62578125 0.2606871259150494 0.040625 0.07391021467218159