7 0.8713786764165509 0.844605950549051 0.05503293364502539 0.06001134667409076
7 0.9362133360574714 0.8422889252069148 0.05500566256778683 0.05532384667409076
2 0.9730123366466465 0.9379281418682787 0.053975326706706996 0.04287839067472703
8 0.8321576160135047 0.9521008245544597 0.03301248789975162 0.0347568080044546
4 0.8291133874835269 0.6974315058880052 0.06068401170746505 0.22569089067472703
0 0.6177612343837101 0.3600240545830948 0.026807939695149587 0.042496582670272606
1 0.6091311229473917 0.3538740519175947 0.052062469749379045 0.08653748400699968
3 0.56246572208707 0.5247410825907307 0.08156920432948098 0.32436474801081766
3 0.30459361387220535 0.3832006619589564 0.06556240924813697 0.2585579346753633
3 0.1753849203664267 0.8698932346435466 0.07961581888905726 0.2571590666772721
3 0.6384247549699698 0.6887121285805494 0.09716693325224206 0.3198590613462722
3 0.7182854926733295 0.8518564712365044 0.12310219847574828 0.21235564401654478
4 0.0781947403356385 0.4139619553230459 0.08441240319801271 0.27596361067790853