7 0.26977124550199993 0.9843226453691802 0.032985216822512695 0.030069308004454242
7 0.1861638599633805 0.9810061940244988 0.032994307181592394 0.03163180800445424
5 0.10727124550199993 0.9824317866804538 0.020448855386194252 0.023673857336090974
2 0.08148545032246013 0.9813505446769539 0.025145445745273866 0.025290901336727244
8 0.1385167003224601 0.9820141633513628 0.03765453610435347 0.02699885200509087
4 0.46325762508869095 0.9383328906946122 0.09293290944452863 0.12333421861077554
4 0.13619917963800474 0.71794257268459 0.09098965612487894 0.3322863360120902
3 0.13255707093216076 0.8975755286839536 0.09333288524403183 0.19794769867918127
3 0.37974919173825317 0.6864038607176794 0.08196918012898405 0.39311474801081764
3 0.5030503363520589 0.6644026860677696 0.06459987294739164 0.36166475334181775
3 0.7151589300307881 0.46532193809672284 0.08935443325224206 0.3197681546785448
3 0.6837129664297292 0.29699865209258663 0.06409990319801277 0.27572725334181775
3 0.6346583637740095 0.4589168494191324 0.08154193325224206 0.31967724801081765
3 0.5676794211519935 0.359706642743451 0.04712148145684392 0.31146475867281787
3 0.4730168818261863 0.4703163313971789 0.08639305971567524 0.3478567920114539
0 0.3941419272021178 0.3405010147199066 0.023682939695149674 0.042460220003181705
3 0.3711367401392468 0.5488129540499522 0.06904193325224206 0.3195317973424542
3 0.4093543576256894 0.5383208967218156 0.06306464402463056 0.3663340720082722
1 0.39109367437344744 0.21937999271958847 0.05051815046753827 0.08964430267345422