6 0.6343002994509492 0.86640625 0.09093408267027243 0.0265625
7 0.5469730221196308 0.88125 0.04436816534054504 0.053125
8 0.4873889367838583 0.86328125 0.047238626670909056 0.03125
2 0.4744622227879944 0.89375 0.028379538669636162 0.021875
5 0.5002616541215399 0.8953125 0.020603401336727067 0.025
7 0.4265877967854491 0.875 0.04909202800763594 0.05625
6 0.36849348611549465 0.85078125 0.03622840133672707 0.025
0 0.42819882001909004 0.140625 0.023819308004454243 0.0328125
1 0.4225215320257716 0.18984375 0.04306020401018138 0.075
3 0.43271523937777073 0.32734375 0.1025283000477252 0.3515625
3 0.4356135200509067 0.375 0.10107488804899774 0.3609375
4 0.3145101320416799 0.30703125 0.06219310669954394 0.2421875
3 0.4899293973981334 0.47734375 0.07205900270527099 0.284375
4 0.4533491967695407 0.7578125 0.06362724267981754 0.096875
3 0.6621145747533141 0.63828125 0.08301468403881636 0.2859375
3 0.7544004300604518 0.4453125 0.11077605736790748 0.2546875
3 0.6162817173774525 0.325 0.09206242003499839 0.2578125
3 0.5673282387412237 0.54921875 0.07373059070654371 0.29375
3 0.7600311700349984 0.2578125 0.08722946936663475 0.2453125
3 0.9571918121021316 0.75234375 0.08484990404199806 0.309375