8 0.11678662518688687 0.8723937153484993 0.047102258976990455 0.039607940006363404
7 0.16603719144366552 0.8784351773551808 0.034629530054229286 0.04414998933799978
2 0.05968719749378974 0.8600113466740906 0.026762487899751598 0.03468408267027243
5 0.08316105893010821 0.8665340666772721 0.02678975897699045 0.03937158267027243
7 0.2489178691367627 0.8911175380330894 0.034647710772388506 0.047274989337999784
3 0.8873076825648709 0.7829287034531763 0.10131810206654457 0.22772610534690862
3 0.7318197100850174 0.50926284209895 0.11231014422102223 0.2372283746817267
1 0.756187409248137 0.2665940841024498 0.04259656615858276 0.07080339600572697
4 0.7494515959182244 0.31729351810149536 0.05729539129415606 0.18034202800763605
3 0.6814606409013726 0.44696228942549576 0.0998646863754999 0.24645792401336308
3 0.6206276800307882 0.4642219674172233 0.07950673458010193 0.2384090666772721
3 0.5700009661351417 0.49019357407699643 0.08097833098930565 0.22280224801081766
3 0.5067702339909268 0.6324168894016332 0.10447946350286301 0.23401246801399936
3 0.45102474891984556 0.7184811113939972 0.10297150565734085 0.24336928668045382
4 0.6569707427715255 0.8029032067552233 0.09035333098930565 0.22291133601209054
3 0.3387140838179761 0.34688682737904336 0.07149424668035032 0.20394316000954493
3 0.29097602058625954 0.3322697967059073 0.09348742134838535 0.22451019867918126
4 0.13421241529826114 0.24217041335136283 0.10266243344863372 0.1902442866804539
4 0.10686970705995538 0.5105840586807722 0.10302604781181848 0.2527442866804538