2 0.9301496884186033 0.88515625 0.023628397540672096 0.0328125
5 0.9083019594958422 0.88984375 0.020485216822512697 0.0296875
8 0.877056504675382 0.890625 0.031477258976990184 0.0390625
7 0.8348962757526209 0.8953125 0.02368293969514994 0.0421875
7 0.7591604775480191 0.903125 0.028379530054229284 0.04375
3 0.2807673119551703 0.85703125 0.11572603571157006 0.2859375
3 0.3266463967551051 0.5515625 0.09076239714788858 0.2921875
3 0.3500929871141847 0.553125 0.10342602361132158 0.3203125
3 0.28306911357761777 0.58125 0.11419989714788858 0.2921875
3 0.3983986769075302 0.53046875 0.10949421642972927 0.2890625
3 0.5245167910743233 0.72265625 0.11623509582002853 0.3734375
3 0.6934708032727676 0.6234375 0.12048625858420685 0.2984375
3 0.7864753938282388 0.4953125 0.0891089935570923 0.2765625
3 0.9030054054375078 0.78515625 0.15036465612487895 0.33125
4 0.3120288639704013 0.321875 0.06222833098930565 0.221875
4 0.41222639021400154 0.89296875 0.09655787919390768 0.2140625
1 0.3366743399662962 0.2609375 0.048973831185697494 0.0921875
0 0.3389408219141194 0.24765625 0.020530668617910842 0.0375