7 0.2896582966524778 0.971875 0.022120439695149763 0.0421875
7 0.21075659183201761 0.97109375 0.022120439695149673 0.0421875
5 0.1326361370115574 0.9703125 0.018913626463433086 0.028125
2 0.10841284183201758 0.97109375 0.022074987899751576 0.034375
8 0.1646673870115574 0.9703125 0.037690897540671967 0.0328125
1 0.3026148981298472 0.35625 0.031577252926866174 0.05625
4 0.30142912715080417 0.42578125 0.02260222872636941 0.125
0 0.23235187422393794 0.48203125 0.012627265027114642 0.021875
3 0.2213143802740621 0.49921875 0.038663565962191095 0.2
3 0.4682302868899204 0.4921875 0.04477721057599684 0.1765625
3 0.564360398326239 0.4859375 0.03541130093507654 0.178125
3 0.31962409436610034 0.65546875 0.07318401170746495 0.225
3 0.6403598169441497 0.4484375 0.05101812021691714 0.175
3 0.8486263140172834 0.5046875 0.08706470452587282 0.19375
3 0.9797808652469474 0.52109375 0.035629469552987555 0.215625
3 0.9850485855855016 0.82421875 0.021921493557092477 0.2765625
3 0.7439423174351291 0.77265625 0.07332945745273882 0.25
4 0.566548049579344 0.915625 0.0634817587805987 0.16875