6 0.3441849173413646 0.88046875 0.09389544574527395 0.025
7 0.43491900165032005 0.89921875 0.04405907220870695 0.053125
8 0.4980957125209044 0.88125 0.04706589754067192 0.0328125
2 0.5107866100615764 0.9140625 0.028252265027114733 0.021875
5 0.48266615524111617 0.91484375 0.020457945745273952 0.025
7 0.5614633209321608 0.89609375 0.048773843285945875 0.0578125
6 0.6214832155459665 0.87265625 0.03764544574527395 0.025
0 0.5726294998036082 0.1296875 0.022074987899751618 0.034375
1 0.5776169816532356 0.18125 0.042632927594901206 0.0765625
3 0.5636095446885605 0.325 0.09275214402463057 0.365625
3 0.5599896409995685 0.37421875 0.09124418617910823 0.375
4 0.688505005559145 0.30703125 0.05459763817089822 0.253125
3 0.5020049450579028 0.47890625 0.06264648750696811 0.29375
4 0.534963932564871 0.77265625 0.061519282981095456 0.1
3 0.3185662520431035 0.63984375 0.07516466822512732 0.296875
3 0.22675041500367352 0.43515625 0.10466127068445541 0.2640625
3 0.3729300025340828 0.315625 0.08592036104353502 0.265625
3 0.41961060157556523 0.55078125 0.06583512002052547 0.3046875
3 0.22404707493918155 0.2390625 0.08116922852997774 0.2546875
3 0.025448031999136887 0.7484375 0.042488523611321626 0.3203125