2 0.8741060195251148 0.9644928721618248 0.0220658975406721 0.03293976502711473
5 0.849878179166035 0.9659144715960906 0.018922716822512696 0.02979658430895569
8 0.8178696550637341 0.9618218692349586 0.03773634933607006 0.040843168617910666
7 0.774124200243274 0.9607860891807292 0.03460225897699054 0.03926248789975162
7 0.6928787454228138 0.959532140508589 0.03618293969514959 0.04239657825883114
4 0.6192554139425287 0.8548294423274283 0.07827148750696829 0.2903411153451433
4 0.13395580172064334 0.3414158612399268 0.05125446955298725 0.21591589149054774
0 0.5646199944408551 0.3103265051663614 0.017378397540672098 0.03291249394987581
1 0.717277361829102 0.25730656517662415 0.04103406615858276 0.07054884933607006
3 0.6875286909716959 0.8048082790722706 0.07795332493918146 0.23950792759490155
3 0.6909223774453916 0.6243531646108901 0.06360902380771342 0.1909886143631848
3 0.6048626784786639 0.5105673996819713 0.08908172247985355 0.27238406010845856
3 0.5681580848981306 0.3736304810640605 0.054188572012315285 0.18312157220870695
3 0.5264114673134921 0.2976037913689108 0.04810219847574828 0.2112102107723885
3 0.26894283831597615 0.6398675176593933 0.06449078863843631 0.3425511143631848
3 0.16016377771653825 0.4025078973442803 0.04351469242562418 0.22837043969514959
3 0.3370257386853185 0.48635215309981683 0.05145445745273882 0.25029089149054773
3 0.4309757265850701 0.45252257464459394 0.07481014422102224 0.23636474687674197
3 0.4379655490883647 0.593974276439992 0.05627831283893307 0.27375566256778666