4 0.8065443949083934 0.22266846564416237 0.06510789129415606 0.1800602047222643
3 0.9311893500234412 0.4187127395500716 0.06524424668035031 0.2034977047222643
3 0.5756706030485033 0.42523843285945856 0.08089651775758924 0.2082761083130606
3 0.41890803952219907 0.24385155659241717 0.052444264830722884 0.15186248184962733
3 0.27804110324489495 0.5531987646343313 0.08869083703942993 0.20519656010845858
4 0.40041048605303986 0.7375106530016209 0.0635726623713948 0.18473861436318478
3 0.1343451245185255 0.6773669967785463 0.09029878883482803 0.21301815046753808
0 0.3108410094679698 0.2869743218159235 0.017351126463433175 0.02822499394987581
3 0.3576882175098838 0.4263140777678519 0.09014425273047451 0.18645565046753826
3 0.37002004586691084 0.45529305064048875 0.0729567527304745 0.18635565651766228
3 0.3657007054096354 0.3919845295632499 0.07304765632127071 0.20198065651766245
3 0.3465967022863774 0.31843340007475474 0.03958974082661779 0.09085225897699045
3 0.32377228064340446 0.34720783986810033 0.0636635659621911 0.2003636143631847
4 0.25915124444085513 0.3085493399662962 0.0572317587805987 0.16907725292686618
1 0.32996825936977386 0.22223965612487895 0.03620112041330899 0.04552157825883123
6 0.7026719019404762 0.8877116826630669 0.05021816861791066 0.037790891490547554
6 0.5619241820929013 0.9079873003459014 0.056495439695149766 0.04251475292686635
7 0.6307287242473791 0.8990122761454045 0.07213862041330898 0.04573065651766228
7 0.4907758899384236 0.9169486890077787 0.06900453005422946 0.044149975799503235
2 0.4282349833225654 0.9236163246445941 0.03302157825883114 0.0361283975406721
8 0.3617741911680876 0.9326049843837101 0.05022725897699036 0.03935339149054755
5 0.29845203455222935 0.9392680748409855 0.033048849336070066 0.040815897540672094