6 0.15881049872345376 0.84296875 0.05178066861791084 0.0375
6 0.15357809805952383 0.88359375 0.04713862041330889 0.0453125
7 0.1103457276462149 0.83828125 0.03303975897699045 0.0390625
7 0.10667582698228498 0.87890625 0.031486349336070064 0.040625
8 0.05795652585081682 0.83046875 0.05023634933607006 0.040625
2 0.06760878180274517 0.878125 0.029887487899751576 0.034375
5 0.0371082155459665 0.87265625 0.02520907825883121 0.0359375
0 0.1047895774732643 0.5546875 0.023682939695149674 0.0421875
3 0.09079070998682162 0.565625 0.08419423458010189 0.2375
4 0.08970493295765443 0.51328125 0.05594196955298725 0.215625
3 0.304939568398078 0.58046875 0.05929422852997775 0.2546875
3 0.4474538004440971 0.50234375 0.12947037314378348 0.23125
3 0.48043395120622295 0.396875 0.06677038524403187 0.196875
3 0.7472356318261862 0.46484375 0.07778060811666876 0.209375
3 0.7677021470496926 0.35703125 0.057449927398509536 0.20625
3 0.7918986920328408 0.4875 0.07309310811666876 0.209375
3 0.5529594327612626 0.64296875 0.12494649960721667 0.259375
3 0.5855946707592101 0.6125 0.10157263212077386 0.2703125
3 0.5545173875817229 0.6421875 0.08762830678880888 0.290625
4 0.7840174934588965 0.34140625 0.047847668421518996 0.1671875
4 0.6394968964605174 0.74609375 0.07649990924813696 0.2578125
1 0.43338116832332324 0.23203125 0.04101588544042354 0.0671875