2 0.22109375 0.9932449641902341 0.0265625 0.011092036104353298
5 0.24453125 0.9923273588040399 0.0234375 0.012636355386194254
8 0.275 0.9843375968019874 0.04375 0.02837953005422946
7 0.31875 0.979395566747758 0.028125 0.03766362646343317
7 0.396875 0.9672222987937772 0.0328125 0.0470658975406721
4 0.30703125 0.7794637444408552 0.2640625 0.4390362706844554
3 0.1234375 0.5063131116327102 0.1203125 0.24757495764913048
3 0.0625 0.6433863856368153 0.125 0.4413522287263694
3 0.23515625 0.48535065095851754 0.14375 0.2445863130353249
3 0.5828125 0.49035929606330253 0.2109375 0.32622719847574827
4 0.834375 0.3654582482514841 0.0953125 0.1911795119038567
3 0.9390625 0.35156794419314974 0.121875 0.3022715480082102
3 0.8109375 0.6187196036376784 0.35 0.5739112404338342
3 0.6375 0.490041133495516 0.16875 0.2884817587805987
0 0.61953125 0.48311442262493165 0.0328125 0.048628397540672094