7 0.2873236370115574 0.9720169423274282 0.026826120413308986 0.0454670361043533
7 0.20915773039569913 0.9783207031606352 0.026817030054229286 0.04335859367872956
5 0.13021511895938065 0.9843846112399268 0.02204771682251274 0.02981476502711473
2 0.10521511895938065 0.9838800963110079 0.025190897540671962 0.03223980737798406
8 0.1622645496775399 0.981445963601059 0.04239657825883123 0.03618293969514959
1 0.5785461390546608 0.333845818398078 0.041043156517662285 0.07211134933607007
4 0.6173586541799714 0.3770418273750685 0.04783857806243948 0.16589771077238852
4 0.5564827031701401 0.9027013279151458 0.07301129488495217 0.19459734416970847
4 0.012994382808144916 0.4578943132317166 0.025988765616289832 0.18141362646343318
3 0.35876490417997137 0.37553737294739176 0.07131243949875792 0.17228406615858277
3 0.4542364854638647 0.34874813485124834 0.06508062021691714 0.17537270472226432
3 0.4667359645830175 0.4832004029034252 0.07764425273047451 0.18638292759490122
3 0.48461381099222134 0.49892994203284075 0.06846924063022612 0.22070338544042353
3 0.38269678698811627 0.5592765686926656 0.07630901170746496 0.22543633723582168
3 0.5404229285768599 0.5750384449597069 0.0700226502711466 0.21914997579950324
3 0.6284269226249315 0.6232083002477055 0.08411242134838534 0.22391928903121966
3 0.6392871545727548 0.6365531827612626 0.0873646863754999 0.24581246974937904