2 0.8672684142181065 0.9488929169675908 0.023628397540672096 0.032948855386194256
5 0.8438354593976465 0.9498105223537852 0.018922716822512696 0.02979658430895569
8 0.8117769383204075 0.9453093747149172 0.03773634933607006 0.040843168617910666
7 0.7672320527817882 0.9432246999486864 0.022129530054229286 0.04387726502711473
7 0.6883076220636288 0.9405587630822069 0.026817030054229286 0.0439045361043533
0 0.5405054054375078 0.7820382568356912 0.02522725897699054 0.039207945745273955
1 0.28180957796424366 0.22883703054520863 0.03792724687674198 0.07365566861791084
3 0.4274311501729507 0.2811166271508042 0.054297656321270794 0.20187157220870694
3 0.37512882766965605 0.42283194935951113 0.05916696350286301 0.23314884328594587
3 0.4606537580932276 0.6199973199692118 0.09210672852997774 0.25521474082661777
3 0.5357855682998821 0.6422172327333902 0.08455784894328673 0.30048178903121964
3 0.5771963634794219 0.6427575882177803 0.06227378278470379 0.2300420240041051
3 0.603545760921898 0.7402638472929667 0.14044423458010194 0.238309041958086
3 0.7229850655694076 0.45518434446429623 0.055996511707465044 0.22531816256778664
3 0.7364748729473917 0.35666503123257964 0.07313855991206672 0.21760565651766245
3 0.586016330694718 0.41301100088376275 0.06216469847574828 0.2112920240041051
3 0.8070373578220812 0.39922471507399687 0.062210150271146604 0.2191045240041051
4 0.6168911643163024 0.8855036244203296 0.07472833098930565 0.22230224687674216
4 0.6312783128389331 0.26977408529091407 0.04959197560311139 0.19871930113146813