8 0.26619628413426655 0.9875807714700222 0.04400453866963616 0.022129530054229463
7 0.3098826494668575 0.9818574914157931 0.03163180800445433 0.032994307181592575
7 0.3863542427991303 0.9735995638208917 0.0348840773392725 0.043949987899751616
2 0.21234457813490287 0.9925818888582689 0.026707950668363532 0.012654536104353298
5 0.23577298746813016 0.9916642834720747 0.026726132001908987 0.014217036104353297
4 0.6110627941199491 0.8800985069338869 0.10408970536281678 0.21777837334017533
3 0.8074827134388588 0.7726985765103154 0.14262604137490698 0.307059041958086
0 0.6232942387014531 0.2526411274453918 0.025454533338636055 0.039207945745273955
1 0.6068698073679075 0.25117407621572774 0.04774770401018138 0.07527271077238851
4 0.6954243247135433 0.34129001610726917 0.07251244135899881 0.18947156615858277
3 0.18875779606936044 0.5098739279876847 0.08401356269890758 0.23797269867214013
3 0.2881600014321773 0.7264978257247485 0.109395370703362 0.2709306444174139
3 0.621678836728179 0.44953885334309085 0.1242942120464523 0.34288745764913064
3 0.6472782733927245 0.43376386241827714 0.11651807471354339 0.3459670058537325
3 0.6927560474219959 0.6491388775435876 0.12242262937617987 0.3163158672900511