7 0.21328125 0.88203125 0.0375 0.0453125
7 0.13828125 0.86640625 0.0359375 0.0453125
5 0.06640625 0.85234375 0.0234375 0.0296875
2 0.04296875 0.84921875 0.028125 0.0359375
8 0.0953125 0.85859375 0.0390625 0.0375
4 0.5515625 0.8265625 0.084375 0.2
3 0.64765625 0.77265625 0.0859375 0.23125
3 0.66640625 0.59609375 0.090625 0.171875
0 0.7046875 0.271875 0.0203125 0.0296875
1 0.69765625 0.3453125 0.040625 0.0640625
3 0.58125 0.43515625 0.06875 0.1609375
3 0.58203125 0.51875 0.103125 0.203125
3 0.503125 0.50234375 0.109375 0.221875
3 0.5125 0.35546875 0.0671875 0.16875
3 0.36953125 0.359375 0.0890625 0.178125
3 0.2890625 0.34453125 0.0859375 0.203125
3 0.2796875 0.584375 0.0984375 0.23125
4 0.2265625 0.30546875 0.0609375 0.1546875