7 0.7015025136523725 0.9337372549699697 0.022129530054229286 0.04387726502711473
7 0.7811900136523725 0.9342008632830302 0.022129530054229286 0.04387726502711473
5 0.8608729684728328 0.9338832215960906 0.018913626463433177 0.028234084308955687
2 0.8850917184728327 0.9340241221618248 0.02363748789975162 0.03451135538619425
8 0.8288417184728327 0.9336968692349586 0.0392533975406721 0.033039758976990186
3 0.7797173754814745 0.6810758632830302 0.05928513817089822 0.2534613432859459
0 0.25270490270703344 0.600668662273199 0.015779536104353474 0.026653403590796286
3 0.21561292710392194 0.40202208401436784 0.054088578062439475 0.16593407220870696
4 0.19422828561337419 0.351899364166793 0.02289312021691723 0.17512726502711465
4 0.5679764204646226 0.8103083244482022 0.05123628883482798 0.21279089149054792
4 0.6936106620768073 0.38292873389273085 0.030632897344280253 0.1626727168225127
3 0.46343682786604773 0.29799870110802706 0.05877607806243947 0.16596134328594586
3 0.48362712889932 0.4113935805965223 0.04635789129415606 0.179951120413309
3 0.33659356849627386 0.5175657916634984 0.07292948165323568 0.18166815651766227
3 0.24877592680933436 0.5967396863754999 0.0606294695529872 0.21597043364502538
3 0.34989858615566716 0.7902902193565955 0.0904987767345796 0.2473931504675381
3 0.41271570696175947 0.5766004240788598 0.06354539129415607 0.1800511143631848
3 0.49199920686356363 0.6419032372123805 0.06068401170746505 0.2253454336450254
3 0.6178253877781146 0.5160770562978295 0.06217378883482798 0.2128545240041051
1 0.6383595598138709 0.2857355713249442 0.03156816256778665 0.0548693071815924