4 0.36785713944140414 0.7919211339513204 0.08301468403881644 0.2868647480108176
4 0.2977220740372256 0.27079156862668363 0.0695510733609078 0.20390679734245412
0 0.5130294480426344 0.308135385264185 0.01598862667090888 0.03143181333545444
4 0.9108402393777707 0.3167894858768693 0.06807948002863498 0.21170111600890867
3 0.8727157200827234 0.5993025412158236 0.08913741470399827 0.2759999733449995
3 0.7735418760741328 0.5371667152291867 0.09520560136854392 0.26044769867918127
3 0.6779930187380422 0.5179632765754587 0.07643742003499839 0.2586670226766358
3 0.6241771280633153 0.4592064419160039 0.07480219470081657 0.2523988413430905
3 0.5360215053707711 0.2695814152610033 0.06560900803627093 0.26791475334181775
3 0.5206419533736344 0.29085697859645776 0.04849313868554468 0.1396079400063633
3 0.5477675273710891 0.2717888052594125 0.09744081070972524 0.3182783800127266
3 0.5610600574076784 0.5412018765913671 0.10007491470399828 0.27612724267981753
3 0.43714075206872405 0.5012319519414572 0.14833060136854392 0.2610658640197263
3 0.11222421009704098 0.7136346913192279 0.12066013470717998 0.29980110001590854
1 0.3467675540260897 0.18817851595322943 0.04304202267663593 0.07392839600572695
6 0.811553142783222 0.8492667258911869 0.04732953333863606 0.039607940006363404
6 0.8081832421228125 0.8954059292250506 0.047311352005090866 0.03804544000636341
7 0.8670855274506308 0.8540900385503235 0.02699885200509087 0.03780908267027243
7 0.8637338081237671 0.9017917418841872 0.027017033338636053 0.03937158267027243
8 0.9242076841183582 0.8612389198759146 0.0378636266709087 0.031686352005090866
2 0.9059485801240852 0.90364459587846 0.025327264003817972 0.028415901336727244
5 0.9341099427911761 0.9064423318746421 0.019113626670909056 0.03146817600254544