8 0.25546875 0.9842755269309713 0.0421875 0.03144894613805747
7 0.3 0.9775265989432868 0.0328125 0.040815897540672094
2 0.20234375 0.9896124667243168 0.0265625 0.02077506655136645
5 0.225 0.9881181444174139 0.025 0.023763711165172195
7 0.375 0.9623379361791082 0.0328125 0.0455033975406721
3 0.88671875 0.6660962787776831 0.0984375 0.20994769262201593
3 0.6703125 0.47889976404515605 0.1078125 0.2178147347764936
1 0.6171875 0.262184441836449 0.0421875 0.06587043969514968
4 0.62578125 0.3083281888113869 0.05625 0.16438975292686625
3 0.6078125 0.44181739968197126 0.0984375 0.22557269262201593
3 0.56171875 0.4751429840891226 0.078125 0.21764201795398092
3 0.52578125 0.5147776558302913 0.0796875 0.2035886083130606
3 0.51484375 0.6576827733167341 0.1015625 0.21465337334017515
3 0.49453125 0.748970848648699 0.1 0.22401928298109547
4 0.69609375 0.7563935049699697 0.0875 0.20363406010845858
3 0.28359375 0.46414990017295066 0.0703125 0.18634656615858275
3 0.23828125 0.4670112797596417 0.090625 0.20521474082661778
4 0.0765625 0.4387266775949013 0.0984375 0.17401019262201595
4 0.13515625 0.678911316060387 0.1 0.23183178298109547