2 0.9734474893726895 0.9325861400366195 0.04239657825883114 0.03618293969514959
5 0.8429060165000525 0.9458451850197676 0.033067030054229465 0.0439408975406721
7 0.8856889350197676 0.843255995324618 0.042542024004104916 0.06118293969514994
7 0.939631546456086 0.8366923779363711 0.04565793364502539 0.05963862041330899
4 0.4712087993829523 0.7831694856602563 0.07631810206654457 0.22699883723582168
4 0.23994672648687426 0.3837472443426593 0.060520385244031874 0.19722043364502548
0 0.19131482552835669 0.148881885833207 0.02209316861791084 0.037627265027114644
1 0.2929449823406067 0.27094271731349207 0.04573065651766246 0.07213862041330898
3 0.8375847957687149 0.38339518199470546 0.08411242134838517 0.22391928903121974
3 0.5670621757481895 0.6896462237563996 0.1221033007386847 0.30851245764913066
3 0.4537405400131783 0.5629660699692118 0.065680583916172 0.2784977047222643
3 0.4206649404807166 0.47409901268942356 0.06240104781181834 0.2519170240041051
3 0.3825967930382405 0.5719734313073344 0.07512830678880889 0.29105224687674214
3 0.36101268452878826 0.5221006963344491 0.05462490924813697 0.25812157220870696
3 0.32157345550783123 0.45280125049097936 0.07489195745273883 0.250427246876742
3 0.23083028083979623 0.4736409913175971 0.06392718637549999 0.2456761143631848