7 0.29484396837463683 0.99375 0.034447722872636886 0.0125
7 0.2096968087337165 0.9953125 0.032867042154477666 0.009375
4 0.48515080580685027 0.9390625 0.09758404800821019 0.121875
4 0.14184973681959706 0.74765625 0.10351692720211783 0.3359375
3 0.15063036006157637 0.9140625 0.10099993949875792 0.171875
3 0.3829560049699697 0.69609375 0.09762145120622297 0.396875
3 0.5054259026088375 0.6640625 0.07712714402463057 0.365625
3 0.704157797517231 0.44609375 0.10031920432948098 0.3234375
3 0.6602209242752515 0.2796875 0.073493083916172 0.278125
3 0.6229123426967706 0.446875 0.09250670432948098 0.3234375
3 0.5489339663315335 0.35390625 0.05807716217500314 0.3140625
3 0.46133903844204455 0.471875 0.10048283079291398 0.3515625
0 0.37311180971567515 0.346875 0.025254530054229285 0.04375
3 0.3657498033709633 0.55859375 0.0815601139704012 0.321875
3 0.40239128531878654 0.5453125 0.0755828247427898 0.36875
1 0.36225560206654456 0.2265625 0.05365224082661779 0.090625