7 0.7711769938733695 0.9328125 0.025527258672817865 0.0453125
7 0.8525542632081876 0.921875 0.020821577339272323 0.04375
5 0.9308247138765513 0.909375 0.023801126670908702 0.03125
2 0.955079826543642 0.90625 0.028561352005090867 0.0375
8 0.8987389198759148 0.9140625 0.044204533338636054 0.0390625
4 0.6504105078771875 0.9046875 0.08624767735518084 0.1609375
4 0.29474614194782056 0.384375 0.08203289202736244 0.2015625
3 0.8006512439529112 0.346875 0.09029992536599848 0.240625
3 0.524968896602503 0.47265625 0.0966590133672712 0.25
0 0.22794844593413938 0.48515625 0.022274989337999783 0.034375
3 0.21500300326227598 0.5234375 0.09840332670272556 0.265625
3 0.44875074725495817 0.57734375 0.10196467870781625 0.303125
3 0.6183808999045499 0.703125 0.09389764003818009 0.28125
3 0.6765399399268215 0.5390625 0.11066696936663475 0.2453125
3 0.8971047892266413 0.7859375 0.13977376137808903 0.3296875
1 0.3153682719605473 0.290625 0.05094542934436319 0.08125