6 0.69140625 0.8420712661072691 0.0984375 0.04119769262201593
7 0.6046875 0.876950781036188 0.046875 0.06121021077238851
8 0.5421875 0.8695018953993727 0.05625 0.04095225292686635
5 0.56171875 0.8982945159108773 0.025 0.032957945745273776
2 0.5359375 0.9039132568356912 0.0265625 0.0314045361043533
7 0.48203125 0.893289374223938 0.05 0.06122839149054791
6 0.41953125 0.8811529885871228 0.0390625 0.031477258976990184
4 0.35625 0.776052398129847 0.0578125 0.12689884328594586
1 0.61640625 0.2339138533430908 0.0421875 0.06743293969514967
3 0.8078125 0.44764403435583766 0.0703125 0.17072156615858275
4 0.95859375 0.5803605647046546 0.0703125 0.22853406615858277
0 0.61015625 0.2261377147794093 0.0203125 0.028243174668035033
3 0.6765625 0.4163763745185255 0.0875 0.20363406010845858
3 0.6328125 0.4236621545727548 0.0859375 0.27706246974937904
3 0.6875 0.5741252420049682 0.1140625 0.24285109621281223
3 0.60078125 0.45744225693388696 0.0859375 0.20518746974937904
3 0.55 0.47258144360397464 0.0796875 0.1801511083130606
3 0.53203125 0.6383109827333902 0.096875 0.2240011022629364
3 0.44375 0.32398083802138855 0.0796875 0.1629636083130605
4 0.3421875 0.2862904613615637 0.0703125 0.19572156615858277
3 0.1921875 0.752006885833207 0.1140625 0.26472609621281207
3 0.16796875 0.46933528639894107 0.0828125 0.20204428903121965