6 0.6686014289696434 0.8273320552366847 0.09707498789975162 0.034938602262936415
6 0.39181621517219273 0.8672222987937772 0.039226126463433174 0.028352258976990185
7 0.5809014410698918 0.8622161153451433 0.048782933645025395 0.059656801131468026
7 0.45580144712001597 0.8801308440715129 0.05505111436318479 0.06281816256778683
8 0.51687984768575 0.8555575700674076 0.053352258976990544 0.03937157220870695
5 0.5370196308632373 0.8851268953993727 0.02519998789975162 0.03452044574527378
2 0.5080861097859984 0.8899825670423457 0.0314318071815924 0.03143180718159257
1 0.6040193586076481 0.11132578103618793 0.04891019867214012 0.08153180113146816
4 0.7489682442444634 0.17298037764178348 0.07777151775758924 0.2082579275949013
4 0.5208547962596943 0.7094456393492484 0.08072380093507654 0.17858860831306062
3 0.7979399919067723 0.6179928957921561 0.10477035499341074 0.2834124636992549
3 0.7656229164766115 0.5330275433328281 0.12978853571156995 0.2866829094445286
0 0.5830654674116879 0.3559706605246832 0.022056807181592218 0.031377265027114645
3 0.5784956211988759 0.4700558864223822 0.09044423458010194 0.2380181504675381
3 0.5437847987937772 0.3936979195016736 0.09231580678880888 0.2911522408266178
3 0.5038824823406067 0.2697155188377437 0.07947946350286302 0.23326701795398092
3 0.45619493696467517 0.14109106996921184 0.08405787919390768 0.21454428903121975
3 0.30146146428842996 0.2841739703385541 0.09337833703942992 0.20522383118569748
3 0.34649216315696185 0.33234784992524524 0.08896354781181852 0.25207156010845855
3 0.3778370910464507 0.4501302475641131 0.12344763212077385 0.2710215480082102
3 0.28771608509452234 0.4983091932111911 0.10928513817089805 0.2537522347764936
4 0.0939262202403583 0.23772673809614334 0.09184310811666878 0.2099022408266178