2 0.06193601960430088 0.9766892219923641 0.08144089754067196 0.03375792934436319
5 0.21503374852706206 0.9702199513049106 0.031495439695149674 0.0425511266709087
7 0.15899230590504612 0.8724278886457737 0.03941702400410509 0.061392033338636055
7 0.10352355590504611 0.8730733259866369 0.04408634328594587 0.058321577339272325
4 0.5692616645126942 0.7528024479233217 0.06694310206654457 0.22732611600890884
4 0.7518998850476402 0.3178354598981865 0.05115447560311139 0.19901930267345422
0 0.7723567890312197 0.07383092122855027 0.020530668617910842 0.03773635733609078
1 0.6856521954506862 0.21156782590709516 0.04259656615858276 0.07080339600572705
3 0.15000610782208118 0.40218811397995546 0.07318401170746495 0.22583634134309047
3 0.460976465840554 0.6728069599379574 0.10804989109776422 0.31061133068109026
3 0.5593679931643089 0.5294649452578216 0.05162717427525152 0.2802693026734543
3 0.5814697312604522 0.4338888159214127 0.049919228529977745 0.2552511213399088
3 0.6320151528052292 0.5270570132479585 0.061074897147888586 0.2928783906747269
3 0.6473356257760621 0.47453144991250407 0.04215218032537571 0.2629727146721816
3 0.6781492885402404 0.3991678232415951 0.06241013817089804 0.2538340720082723
3 0.7727305355151783 0.40666160256209577 0.0514453670936593 0.24901930267345412