4 0.71328125 0.7229502212365044 0.0609375 0.11633407200827221
4 0.06171875 0.5328755873249549 0.053125 0.2787431653405452
1 0.35390625 0.10760067795195676 0.046875 0.07867044000636332
0 0.340625 0.14838021928709302 0.021875 0.03775453866963625
3 0.33203125 0.30473021662159294 0.08125 0.3087579293443631
3 0.40390625 0.36248762527850253 0.0578125 0.2600477093411815
3 0.64140625 0.3456615625795949 0.075 0.2461852040101813
3 0.471875 0.14372798726927566 0.065625 0.2257636160089087
3 0.7171875 0.3096235179026408 0.103125 0.2527624680139994
4 0.76875 0.15355478389564117 0.053125 0.22093066534054512
3 0.6671875 0.5031740705760951 0.0671875 0.299219297342454
3 0.3671875 0.44025863661682046 0.053125 0.27249316534054524
3 0.5375 0.478120621260367 0.0890625 0.29791133601209036
3 0.27578125 0.544447244629229 0.05625 0.26627952800763593
3 0.24296875 0.6393603026336834 0.1140625 0.2872647373488174
7 0.5890625 0.8517393872533674 0.034375 0.06289998933799978
7 0.4625 0.8485245752705485 0.0265625 0.05812158267027243
6 0.68046875 0.8342695292409588 0.1015625 0.035556786680454165
6 0.39921875 0.8258234192791388 0.0390625 0.028579533338636054
8 0.5265625 0.8352791405951852 0.0546875 0.03813634667409076
5 0.540625 0.869490508593276 0.0265625 0.036246582670272434
2 0.5109375 0.8690547039306395 0.0234375 0.029960220003181704