7 0.35390625 0.9645589663315335 0.0359375 0.045521578258831144
5 0.2015625 0.9849295119038567 0.021875 0.030140976192286572
2 0.17734375 0.9872005390312196 0.0234375 0.025598921937560703
8 0.23359375 0.9822724049560335 0.0328125 0.03545519008793292
7 0.275 0.9750374031980126 0.0359375 0.04395907825883114
4 0.246875 0.9068408733401752 0.0875 0.18631825331964968
4 0.97421875 0.5017615888861416 0.0515625 0.21123748184962743
3 0.93515625 0.5788780799091512 0.084375 0.25205337939029937
3 0.803125 0.5335786945669235 0.0765625 0.2160704275949012
3 0.60234375 0.30037933342519263 0.059375 0.1550329336450254
4 0.40546875 0.33673394818116076 0.05 0.14404089149054772
3 0.59609375 0.37846797198887416 0.05625 0.18782725292686625
1 0.70859375 0.26115372784260665 0.0390625 0.06116475897699045
3 0.6671875 0.6109128333269969 0.075 0.21137383723582168
3 0.61328125 0.75200546593875 0.1109375 0.2678329154946528
3 0.2234375 0.47629992134838534 0.0640625 0.16131020472226432
3 0.34765625 0.4871788548952149 0.0640625 0.1800602047222643
3 0.29921875 0.6111158037637467 0.0765625 0.1988829275949012
0 0.18203125 0.7018402768327754 0.0203125 0.028243174668035033
3 0.153125 0.6766721051898026 0.0859375 0.20206246974937905