2 0.921875 0.9045820618569744 0.0234375 0.032948855386194256
5 0.89921875 0.9091377516503201 0.0203125 0.029805674668035208
8 0.86796875 0.9105184444687275 0.03125 0.03924430718159257
7 0.825 0.9141747095940381 0.025 0.04389544574527378
7 0.74765625 0.9223184868195972 0.028125 0.04391362646343282
3 0.73984375 0.586335535024199 0.11875 0.3178783672900508
3 0.67421875 0.415641239942855 0.0828125 0.25985678903121967
3 0.653125 0.43192477009528024 0.1 0.28964428298109546
3 0.59609375 0.5878429719888741 0.125 0.23353972872636958
3 0.65703125 0.6710099959929792 0.1046875 0.31467155405833436
3 0.25234375 0.6967805929913583 0.1171875 0.2678692769309713
3 0.1734375 0.8464210029268662 0.121875 0.30715799414626765
3 0.0953125 0.5521170119038568 0.13125 0.258576090162688
3 0.16953125 0.45489255396013845 0.10625 0.2646806444174139
0 0.55078125 0.7008606015755652 0.0265625 0.040779536104353475
1 0.6625 0.24838556224975789 0.0546875 0.08313066256778665