4 0.14822567795195676 0.3556789300206809 0.07934424403245303 0.23995338534372673
0 0.4220802539385938 0.4573163447246792 0.027053396005727138 0.042496582670272606
3 0.5136683172740482 0.44275495273708765 0.07794537603436211 0.2539977040101814
3 0.3117025438813236 0.8755914406826811 0.17480219470081657 0.2488171186346378
3 0.8822963072088239 0.9275781321212216 0.12182155068427178 0.13108746268299926
3 0.9273548158816418 0.8827838001272669 0.12750902402927125 0.21707950668363551
3 0.969847781309683 0.18552753946526668 0.036865842695726056 0.21446248933799977
3 0.8899057426400467 0.20647529145444898 0.05686926002545363 0.18813634667409057
3 0.6235818559834553 0.12914753341817792 0.04902039735836254 0.18492044000636337
3 0.6973796985996394 0.5019316000954501 0.09566013470717998 0.29951019867918127
3 0.45365697059995763 0.4967515620623607 0.10930446403563465 0.26373633068109026