2 0.04134171847283273 0.9293244206715453 0.025199987899751596 0.03466590133672724
5 0.0648110347296114 0.9350658906747269 0.022056807181592353 0.031504538669636165
8 0.09840478472961141 0.9354567893459539 0.040879530054229285 0.04422271467218124
7 0.14295421544777062 0.9390999573519991 0.039307939695149674 0.04264203333863605
7 0.22580762206362892 0.9470948180299077 0.040897710772388504 0.047347714672181594
1 0.677399333916172 0.28598842675840486 0.042560204722264315 0.06455339600572696
4 0.762628827669656 0.43384521876985893 0.06056583703942984 0.20537839067472702
4 0.31876467730031366 0.2747845607097253 0.05719539734428025 0.16315452800763602
4 0.24784118246667514 0.8403271973663167 0.06803290339440445 0.14609429734245438
0 0.2690788155694076 0.4624749173694983 0.01894089754067192 0.03303067600254543
3 0.2901589300307882 0.4603766153723619 0.10576925273047451 0.1871556493475449
3 0.3305839421310366 0.4264743300445434 0.0920703670936592 0.24949201734563572
3 0.3091811199223296 0.3731038820416799 0.05109084308955412 0.18808180267345423
3 0.23400385792027706 0.34176242803149853 0.054197662371394895 0.18499316534054522
3 0.15555316763595217 0.6877010893539082 0.09368740924813693 0.25888519867918125
3 0.3221225232185382 0.5833964920432708 0.06855105386194271 0.23515679734245404
3 0.563719149878363 0.48465209874281473 0.09504992134838534 0.22452838001272662
3 0.6533588876799188 0.584907184754905 0.07320219242562409 0.22896134134309049
3 0.713342420857406 0.5559196660964046 0.06077491529826116 0.24131589067472703
3 0.866191206667172 0.7787770054503127 0.09526808996629618 0.2620283800127268