6 0.3479957185710286 0.8640625 0.0939227168225127 0.0296875
8 0.494884354109648 0.86640625 0.040797716822512695 0.0296875
5 0.4810036612912404 0.89765625 0.0220477168225127 0.0296875
2 0.5091241161117006 0.896875 0.028297716822512697 0.0296875
7 0.5582519625209044 0.88125 0.04250566256778665 0.0546875
6 0.6167184474937898 0.859375 0.03608294574527378 0.025
4 0.9180213513791735 0.68046875 0.07664535499341056 0.2828125
1 0.5665931232419792 0.16640625 0.04266928903121965 0.0828125
3 0.5900998426967707 0.446875 0.06713399960721667 0.259375
3 0.5891145804983264 0.54609375 0.06889648750696811 0.29375
3 0.3457458546988232 0.47734375 0.08749195140261463 0.2671875
3 0.39081850194490764 0.7046875 0.12629083098930574 0.221875
3 0.06283336074894742 0.46015625 0.10783172247985348 0.271875
3 0.13587140583029136 0.52578125 0.09852035499341083 0.2828125