8 0.1617314865250095 0.9430965359079618 0.03924430718159235 0.03147725897699054
7 0.20937410098639003 0.94103004185989 0.02678066861791084 0.0376545361043533
2 0.10780705580685027 0.9396579185197149 0.02204771682251274 0.02981476502711473
5 0.1297002365250095 0.9429101835468294 0.02051248789975162 0.03449317466803521
7 0.2859275106273104 0.9399129694547913 0.022111349336070063 0.04075226502711473
4 0.9532533067888089 0.2961610286794872 0.03519313231716552 0.14082498789975162
4 0.6828156252850828 0.8101952158405542 0.05123628883482798 0.21279089149054756
3 0.7754389416400572 0.7513610922057914 0.09211581888905726 0.2567772408266178
3 0.7832594902374426 0.4842281343602691 0.06684310811666876 0.20975679508134384
3 0.7119071858845206 0.5736537278426066 0.0575135599120669 0.21751475292686617
3 0.6384964360809124 0.44354352614540443 0.06996810811666876 0.20977497579950324
3 0.633413505460949 0.3755475050681656 0.08839994554888211 0.15519656010845856
0 0.5317282856133743 0.3538628817279904 0.015770445745273774 0.02509090359079611
3 0.5613294272021179 0.3391918485505031 0.07272949375348396 0.14729315651766245
3 0.5589003605525557 0.5930753726528041 0.057559011707465045 0.22532725292686634
3 0.46287076394696014 0.7378242703898679 0.06230105386194253 0.2347295240041049
3 0.14748055064048882 0.37350165339440444 0.08386698165323567 0.18173178903121984