4 0.14104367739850954 0.20625 0.062019252730474504 0.1859375
3 0.02583735479701908 0.4125 0.04809310811666877 0.209375
3 0.38910042407885986 0.409375 0.07780787919390768 0.2140625
3 0.545009014732527 0.21640625 0.04935562626704133 0.1578125
3 0.7023140172666098 0.53203125 0.08403969847574828 0.2109375
4 0.581579857331102 0.728125 0.05891243344863391 0.1890625
3 0.8561707911725189 0.6578125 0.0872101502711466 0.21875
0 0.6593169544276767 0.25859375 0.017351126463433175 0.028125
3 0.614854403001621 0.4046875 0.08704652380771342 0.190625
3 0.6040896198241337 0.434375 0.06986811416679295 0.1921875
3 0.6060515747427898 0.36875 0.06839651775758923 0.2078125
3 0.6227891019683487 0.29140625 0.03803633118569749 0.0921875
3 0.6471760236113216 0.3203125 0.05901242739850954 0.20625
4 0.7133459242752516 0.2796875 0.05257152985783762 0.1734375
1 0.6362698189872532 0.19140625 0.03621021077238851 0.046875
6 0.2739451402140015 0.89296875 0.05178975897699045 0.0390625
6 0.42092013416387725 0.91015625 0.056495439695149585 0.0421875
7 0.3482138871889394 0.9015625 0.07212953005422928 0.04375
7 0.4959564956001958 0.91640625 0.07056703005422929 0.04375
2 0.5600508118569744 0.921875 0.03302157825883114 0.0359375
8 0.6296229684728327 0.92890625 0.05179884933607006 0.040625
5 0.6952752395500716 0.93359375 0.03461134933607006 0.040625