7 0.7810872725501767 0.9633917542034125 0.03293067466803503 0.020503397540672097
5 0.9413162454228138 0.9499599923977516 0.02196590359079629 0.015752265027114732
2 0.9678832906023536 0.949024206293398 0.020385222872636888 0.01261817466803521
8 0.9084855647046546 0.9532758899384237 0.03134999394987581 0.017369307181592575
7 0.8647219291660353 0.9558741699926528 0.03293067466803521 0.020503397540672097
4 0.8784486067609365 0.8792344019404762 0.0713124394987581 0.17228406615858277
4 0.028935461852543042 0.6662153524593281 0.057531740630226105 0.22063975292686636
3 0.09729457641211949 0.7330028766598249 0.07340218032537578 0.26291815651766226
3 0.21962863954564016 0.6533875786516147 0.06693401170746496 0.22538179508134384
3 0.36582797043675 0.36582797043675 0.05249880698520064 0.16123748184962733
4 0.5752666029503073 0.35367236232008126 0.04305108411256366 0.14868293969514967
3 0.3911547024827692 0.44380297951193637 0.04645788524403187 0.19713862041330882
1 0.2494989884889268 0.3532239521881816 0.0363011143631848 0.06270907825883114
3 0.37718206431187107 0.6970007023845733 0.06533515027114652 0.2191227047222643
3 0.46782926932872293 0.8269376663784156 0.10004649355709247 0.2771351926220159
3 0.7950200458669109 0.44848437168985517 0.0572135780624393 0.16595225292686616
3 0.6721183561717611 0.49138546487760515 0.055778343089554025 0.18781816256778666
3 0.7511513503180287 0.6034218565645446 0.06837833703942983 0.20507838544042353
0 0.8929616004162245 0.6674383838882993 0.01891362646343282 0.028234084308955333
3 0.9165899979568966 0.6344895285021052 0.07777151775758924 0.2082579275949012