4 0.7795180613860431 0.38828125 0.07076812802354429 0.1734375
3 0.41707424741404175 0.59453125 0.12899879869508962 0.209375
4 0.580883850771768 0.77421875 0.0754919906906352 0.1765625
3 0.30492659404836137 0.35625 0.06600790268936266 0.1671875
3 0.46667480541849604 0.62734375 0.10892265603118041 0.2296875
4 0.1577783267027256 0.265625 0.06604426535645347 0.1703125
1 0.7511561567074981 0.30078125 0.03661020934118149 0.0578125
6 0.6067303774665394 0.98125 0.05668635200509069 0.0375
6 0.4595735667965849 0.95703125 0.06151930267345414 0.05
7 0.5323934487984939 0.97109375 0.07876134667409058 0.0546875
7 0.3836014127943578 0.940625 0.07561816534054513 0.053125
2 0.31624119012567603 0.92578125 0.03797271467218159 0.040625
8 0.24814517079085796 0.91484375 0.0692590773392725 0.04375
5 0.18157528878894894 0.90078125 0.02856135200509069 0.0375
3 0.6204606873806342 0.3484375 0.08964539735836255 0.184375
3 0.5847408160407254 0.3 0.08804653469127147 0.18125
3 0.5032726400381801 0.28125 0.07222154002227157 0.1640625
3 0.5380390860518613 0.38203125 0.09277039735836254 0.184375
3 0.4723600893936791 0.44453125 0.10196358402290802 0.16875
3 0.40190268606776963 0.49921875 0.10405334269572589 0.2140625
3 0.3743680320655424 0.4828125 0.09949311203054415 0.225