4 0.6778645048717739 0.7609375 0.0537613251355733 0.109375
4 0.050338426809334355 0.5953125 0.04215218032537578 0.2625
1 0.3120101623713949 0.184375 0.04417724687674207 0.0734375
0 0.3005141261688455 0.22265625 0.01895907825883114 0.0359375
3 0.2982618006404888 0.37265625 0.06887830678880888 0.290625
3 0.3688833728491958 0.42578125 0.0483112767345796 0.246875
3 0.593760653001621 0.4046875 0.06540787314378349 0.23125
3 0.4254777647325271 0.21640625 0.05592378883482798 0.2125
3 0.66542202956325 0.36796875 0.09199764422102241 0.2359375
4 0.7083039002711464 0.21875 0.04495901775758924 0.2078125
3 0.6250975322937246 0.55390625 0.05476126463433104 0.28125
3 0.3372884600850175 0.50078125 0.042115818889057265 0.25625
3 0.5007515172666098 0.53203125 0.07662717427525152 0.2796875
3 0.2534997882456528 0.6015625 0.04520445745273882 0.25
3 0.22668327907227065 0.6921875 0.10156354176169424 0.26875
7 0.563752528777683 0.88671875 0.03159543364502539 0.059375
7 0.443440028777683 0.88671875 0.02530907220870695 0.053125
6 0.6503621944687277 0.86796875 0.09703862646343317 0.028125
6 0.382384354109648 0.86640625 0.03452044574527387 0.025
8 0.5035144655459665 0.87265625 0.05019998789975162 0.034375
5 0.5185445679070987 0.9046875 0.02519089754067192 0.0328125
2 0.4904195679070987 0.9046875 0.022038626463433176 0.028125