4 0.7172834696511832 0.15494917963800472 0.05118174668035032 0.20341589149054778
3 0.9617299238824681 0.5446394352953454 0.07500104176169416 0.269177246876742
6 0.6775514083643742 0.8453196495837755 0.09861930718159222 0.03182269262201594
7 0.5862633330324092 0.8651003635776178 0.03162270472226432 0.06424430718159257
8 0.5220962939029936 0.8467589088553534 0.05489657825883114 0.03625566256778647
5 0.5394792366232053 0.8804526528052292 0.023619307181592396 0.031386355386194255
2 0.5097826462641257 0.8787174359827166 0.028306807181592397 0.031413626463433174
7 0.45734799267332954 0.8627879089535494 0.030023843285945873 0.057985216822512696
6 0.39548834210759554 0.8382100897699043 0.03765453610435347 0.026780668617910664
1 0.31713347872636943 0.12684079771362258 0.041052246876741985 0.07367384933607006
4 0.4391787338927308 0.6939379150036735 0.06669766237139499 0.18475679508134385
0 0.8475118460164204 0.248672429441613 0.020557939695149584 0.04230567466803503
3 0.169311140606785 0.6345573280624395 0.09363286709365921 0.2489738311856975
3 0.3880515293668582 0.49989702351312576 0.06537151170746495 0.2253727047222643
3 0.4307743187908614 0.32358905356735507 0.0512635599120669 0.21747839149054782
3 0.46378680669061306 0.35815495110802703 0.04512264422102223 0.23619203005422928
3 0.6891226290957118 0.2829060079950318 0.06518061416679295 0.19256020472226432
3 0.6798617794650541 0.43675317066101427 0.07957945745273882 0.2504545179539809
3 0.6393776800307881 0.4607355713249442 0.0936146863754999 0.2458488311856975
3 0.7859839935570923 0.2811258602579681 0.07787151170746505 0.2254454275949013
3 0.7270367613146815 0.4885883814334028 0.05315331283893308 0.27373748184962743