2 0.95078125 0.8821570914624033 0.0265625 0.03468408267027243
5 0.928125 0.8873622121259942 0.021875 0.031504538669636165
8 0.89609375 0.8893332447883125 0.0421875 0.04580339600572714
7 0.85234375 0.8958554174490402 0.040625 0.0442227146721816
7 0.771875 0.9074190787714496 0.0421875 0.04736589600572714
0 0.45390625 0.49746917739495167 0.028125 0.040952264003817976
4 0.1234375 0.38034257535009014 0.0875 0.21351815467854482
4 0.65859375 0.286569682089405 0.0765625 0.23214088534372684
4 0.53828125 0.9021277633672712 0.0765625 0.19574447326545757
3 0.75703125 0.740058856102768 0.10625 0.26217383068109007
3 0.63125 0.6987515087523597 0.146875 0.3126465453532717
3 0.56796875 0.6972339147437692 0.103125 0.29807496801399935
3 0.646875 0.5012770720878141 0.1171875 0.26230110001590834
3 0.44296875 0.25593565806013363 0.078125 0.2290340666772722
3 0.4734375 0.33519644406426974 0.1015625 0.2324317866804539
3 0.51015625 0.46843620540258774 0.103125 0.24494996801399935
3 0.4484375 0.4942805427275426 0.103125 0.20432496801399935
3 0.26328125 0.6202510547024074 0.1140625 0.27476473734881746
3 0.11328125 0.7005368966820447 0.121875 0.2998556440165448