4 0.357573620106586 0.7831290999252453 0.090809002705271 0.28488406010845857
4 0.3062430987030438 0.26620522033855415 0.07578289202736235 0.20198974687674198
0 0.5177169480426345 0.31107177186280577 0.017551126670908877 0.03134999394987581
4 0.9117760307129071 0.3353435013747421 0.07431129869508979 0.20979315651766245
3 0.8634588987507689 0.6145497332243695 0.09849423337045274 0.2739920119038565
3 0.7681549420750875 0.5486934499486864 0.10299992003499839 0.25839428298109546
3 0.6741322220719057 0.5258013714934634 0.08266923870145285 0.25671360831306045
3 0.6226419000636334 0.465159308163551 0.08257833203372567 0.24890110831306042
3 0.5422896867043164 0.2742075761175319 0.0733851453691802 0.26447156615858275
3 0.5261197940404072 0.29461552488786785 0.05159995735199914 0.13779089149054774
3 0.5532635493714073 0.2772689436039746 0.10679762937617987 0.3162249636992548
3 0.5571356260741329 0.5428893984244347 0.10786923337045273 0.2740465540583344
3 0.43552370806808777 0.4990626512531051 0.1545987827020893 0.2618192648307229
3 0.10809978409449565 0.6955119670189045 0.13001695337363453 0.2976113190854489
1 0.3576686913589988 0.186994443309387 0.04460452267663593 0.07369203005422928
6 0.7952014367838582 0.8587133445624922 0.04889203333863605 0.03934430113146803
6 0.7894696047899035 0.9032809559988106 0.04731135200509069 0.03777271077238851
7 0.8499525714512673 0.8638639319947055 0.028579533338636054 0.039226126463433174
7 0.8442661927911761 0.912337793431024 0.028597714672181595 0.040788626463433175
8 0.9055395001193126 0.8736974742473791 0.0394443080044546 0.033039758976990186
2 0.8857178961250398 0.9160031489154139 0.026889764003817974 0.028279536104353298
5 0.9146695994589035 0.919741227272441 0.0206761266709087 0.03136817466803521