7 0.7556469110156625 0.9049479951282262 0.03620112041330899 0.045521578258831144
5 0.9089082664018567 0.8806196399384237 0.0220658975406721 0.03293976502711473
2 0.9331406519404762 0.8781349893726895 0.023619307181592573 0.031386355386194255
8 0.876849745324618 0.8854934922995558 0.03302157825883114 0.0361283975406721
7 0.8354116790678393 0.8912031368151656 0.03462953005422946 0.043949987899751616
4 0.8466718868151656 0.8356707543016084 0.08410333098930564 0.22235678903121964
4 0.026554640468996037 0.6443630783570271 0.053109280937992075 0.20969316256778664
3 0.08807865769601278 0.7057136688143025 0.08271354781181846 0.25203519867214014
3 0.2018326063681529 0.6238046177810302 0.07469196955298729 0.21605224687674215
3 0.3269018258229443 0.34261772941374047 0.05714994554888211 0.15501475292686626
4 0.5270245456705192 0.3203604134515494 0.04771131303532492 0.1440227107723885
3 0.35460866930528184 0.41432910295030734 0.054215843089554204 0.18780907220870696
1 0.21443818725926275 0.33702223526747294 0.03784543364502548 0.05959316861791084
3 0.3539763684684013 0.6572933077707676 0.07310219847574836 0.21135565651766228
3 0.44624516081927074 0.7770649314055302 0.10936695140261463 0.2678147347764936
3 0.7414046873574586 0.398797989078102 0.06187380698520073 0.16129202400410508
3 0.6262882265850701 0.4463411304704539 0.06198289129415606 0.1800420240041051
3 0.7077149677062755 0.5497701366187739 0.0745919756031114 0.19886474687674216
0 0.8456826003180288 0.6028718898402278 0.020476126463433175 0.028243174668035033
3 0.8661814526791609 0.5707224651721928 0.08398515632127043 0.20204428903121965