6 0.7295656791660351 0.9652145139469601 0.05336134933607006 0.04093407220870695
6 0.7223708027026019 0.991107830792914 0.05012726502711473 0.01778433841417204
7 0.7779668177297167 0.9717463150784283 0.03618293969514959 0.04239657825883114
7 0.7723435316253632 0.9959635024358869 0.034447722872636886 0.008072995128226169
8 0.833403751472938 0.9773634933607006 0.05338862041330898 0.04527301327859874
4 0.6927035669441497 0.4524827097904299 0.08243174668035032 0.20359769867214011
4 0.03691769613805734 0.6025664637974506 0.07383539227611469 0.2676329275949012
3 0.16389224483363857 0.5673789184215192 0.10156354176169424 0.26933178298109545
0 0.2898058259211401 0.4110748971478885 0.026798849336070064 0.040779536104353475
3 0.26056323263519426 0.4687192255049156 0.10435219847574846 0.21153746369925486
3 0.3313615459651067 0.5199140868430382 0.09043514422102224 0.23645565046753808
3 0.3263922448336386 0.5683243157657993 0.0891271742752516 0.28019656010845856
3 0.4007109887835144 0.5515686078220812 0.09985559601642038 0.24432269262201595
3 0.3819155369881163 0.5592720235131259 0.11095672247985347 0.2725113251355733
3 0.5404598108940255 0.43440889978016717 0.07292039129415606 0.18010565651766247
3 0.5648553020152309 0.538460595525441 0.09360559601642038 0.24428633118569748
1 0.3450796540817755 0.31061180971567515 0.048882927594901295 0.0768443011314682