2 0.0360815227959486 0.95234375 0.023837489337999784 0.034375
5 0.06111788546303949 0.95546875 0.020657945337363447 0.0296875
8 0.09391220412949404 0.95390625 0.03955339600572701 0.0421875
7 0.1408053854630395 0.95546875 0.02240225867281791 0.0453125
7 0.2252258387969031 0.959375 0.028670440006363318 0.046875
1 0.1616754860359529 0.26484375 0.03822725334181776 0.0625
3 0.21939017807126943 0.525 0.08570333203372575 0.2484375
3 0.2682827587523597 0.63125 0.10461805872054297 0.396875
0 0.7278384774029059 0.5125 0.023782945337363515 0.0296875
3 0.7022844940722239 0.53203125 0.0784169960216353 0.159375
3 0.6506583594048149 0.5265625 0.045586314688089755 0.1578125
3 0.6222697300684059 0.50390625 0.0961135733609078 0.203125
3 0.6651941214194507 0.634375 0.13254306405154317 0.3796875
3 0.5029748374044967 0.52421875 0.07705449069063519 0.1765625
3 0.4916106234086328 0.5546875 0.10298173870145284 0.25625
3 0.322887895408951 0.55703125 0.09569649737427088 0.3015625