7 0.76640625 0.9682929441040408 0.025 0.012790901336727245
7 0.84921875 0.9559753047819491 0.025 0.012790901336727245
1 0.1640625 0.3620652900222717 0.040625 0.06141021467218159
3 0.2828125 0.37438457137172554 0.0625 0.14291475334181775
4 0.07109375 0.5914522506763177 0.078125 0.2165340666772721
4 0.28359375 0.8974846220162265 0.0890625 0.20503075596754705
4 0.77109375 0.34803498810467703 0.053125 0.16936816534054505
3 0.71796875 0.44351057276413186 0.08125 0.1962579293443632
3 0.63515625 0.5503594620862233 0.096875 0.21831474267981754
3 0.61484375 0.5727793547501325 0.071875 0.21646134134309047
3 0.475 0.5742771253978152 0.0875 0.224455654678545
3 0.61875 0.7454810580839961 0.1125 0.2356840560152719
3 0.6875 0.7415935367599957 0.13125 0.2843397320178173
0 0.7203125 0.6490065947644501 0.0234375 0.0377727200031817
3 0.06953125 0.8562778193427724 0.075 0.24462270401018138
3 0.20078125 0.7515550513605896 0.0890625 0.24634883601209018
3 0.27578125 0.49461525537077106 0.0609375 0.1991465720082722