2 0.8617723931408676 0.94921875 0.023619307181592573 0.03125
5 0.8383394383204076 0.95 0.018913626463433177 0.028125
8 0.8086292124227086 0.94609375 0.03773634933607006 0.040625
7 0.7664235317045494 0.94296875 0.03460225897699054 0.0390625
7 0.6882758058068502 0.9390625 0.03618293969514959 0.0421875
1 0.34996013514583596 0.26171875 0.03784543364502539 0.059375
4 0.25225440905174523 0.3875 0.05110902380771343 0.190625
4 0.683790234481906 0.30234375 0.047756764830722886 0.1515625
4 0.6806491372871353 0.83671875 0.05860336123992678 0.1359375
0 0.7059384661351417 0.48359375 0.015797716822512697 0.0296875
3 0.687156649878363 0.478125 0.09318743949875792 0.171875
3 0.653349276439992 0.44140625 0.0794703731437835 0.23125
3 0.6796436108471433 0.3953125 0.04164312021691714 0.175
3 0.7537532765381878 0.3765625 0.04474993949875792 0.171875
3 0.7853724778426067 0.70859375 0.08108741529826098 0.240625
3 0.6424804750139362 0.5875 0.057513559912066727 0.2171875
3 0.43002995110802705 0.46171875 0.08244992739850954 0.20625
3 0.33519014978016715 0.54296875 0.06217378883482798 0.2125
3 0.2834185715213359 0.50703125 0.049746511707464955 0.225
3 0.11496452907227064 0.6921875 0.07954309601642037 0.24375