7 0.2790389592202644 0.9171875 0.025254530054229285 0.04375
7 0.20015543511796344 0.91328125 0.025254530054229285 0.04375
5 0.12127645619520229 0.90859375 0.020485216822512742 0.0296875
2 0.0970622513747421 0.9078125 0.025199987899751596 0.034375
8 0.15329861583612267 0.91015625 0.04082498789975157 0.034375
1 0.3240313558771736 0.30078125 0.03470225292686617 0.05625
4 0.3189393348981306 0.3703125 0.03042381908544902 0.1265625
0 0.2467598078689634 0.42265625 0.014198855386194253 0.0234375
3 0.2349456090986274 0.4390625 0.048065837039429925 0.2046875
3 0.4833467476623089 0.4453125 0.052607891294156064 0.1796875
3 0.5802308380213885 0.44375 0.044804481653235584 0.18125
3 0.32618316657480734 0.60234375 0.08572037314378349 0.23125
3 0.6585467355620606 0.4109375 0.05884880093507636 0.178125
3 0.8644058501216371 0.478125 0.09647606596219091 0.2
3 0.9845910850945223 0.5 0.026254469552987204 0.215625
3 0.7449053746167215 0.74140625 0.08741922852997774 0.2546875
4 0.5597258778381752 0.8796875 0.07290221057599684 0.1765625