8 0.16392524560019578 0.91640625 0.03925339754067196 0.0328125
7 0.21001445042065597 0.915625 0.02678066861791084 0.0375
2 0.11077751970249675 0.9125 0.02204771682251274 0.0296875
5 0.13267524560019578 0.91640625 0.020503397540671965 0.0328125
7 0.2850235407797356 0.9171875 0.022111349336070063 0.040625
4 0.6097644655459665 0.87265625 0.07648172852997774 0.2546875
3 0.700707107232906 0.79296875 0.09076239714788858 0.2921875
3 0.013329306199633711 0.6796875 0.019804481653235655 0.18125
4 0.01975955073868469 0.3078125 0.030841975603111454 0.1984375
4 0.6626692134046672 0.29765625 0.04325107201231528 0.1828125
1 0.6333993490414824 0.23515625 0.040970433645025395 0.059375
0 0.6141680808911099 0.28671875 0.02049430718159222 0.03125
3 0.6251742794650541 0.4328125 0.04980105386194271 0.234375
3 0.6096538185944697 0.45078125 0.06409081283893307 0.2734375
3 0.5484037429679172 0.665625 0.09386921642972937 0.2890625
3 0.534908348648699 0.49453125 0.048329457452738825 0.25
3 0.5173981409013726 0.4390625 0.07649081888905726 0.25625
3 0.4661310775714602 0.48984375 0.0902169756031114 0.1984375
3 0.4093714965821544 0.26796875 0.06380901170746504 0.225
3 0.39837140583029135 0.52578125 0.07801695745273882 0.25