4 0.7280260478118185 0.2515625 0.0760817527304745 0.1859375
4 0.09735328561337418 0.35078125 0.09810219847574839 0.2109375
3 0.11813952604720854 0.70078125 0.14998286104353503 0.265625
3 0.22924467680933436 0.5953125 0.11563513212077385 0.2703125
3 0.5534856318261863 0.46484375 0.08553856596219109 0.2
4 0.7534594025106417 0.72890625 0.08229539129415606 0.1796875
0 0.5478896167990717 0.44296875 0.02208407825883114 0.0359375
6 0.7062985770804808 0.8140625 0.0892533975406721 0.0328125
6 0.4503076523142499 0.85859375 0.0376727168225127 0.0296875
8 0.5666320890825334 0.84453125 0.04082498789975162 0.034375
5 0.5870991251868869 0.87109375 0.022029536104353476 0.0265625
2 0.5597826462641258 0.87578125 0.029842036104353476 0.0265625
7 0.6260343601597722 0.84921875 0.05189884328594587 0.0578125
7 0.5097371944687277 0.86796875 0.05189884328594587 0.0578125
1 0.634689138269094 0.18828125 0.052062469749379045 0.0859375
3 0.7130515293668582 0.49765625 0.1092578670936593 0.2484375
3 0.6054657674630015 0.40234375 0.1264635478118185 0.2515625
3 0.608486749214433 0.51875 0.1029987767345796 0.246875
3 0.5713089360809123 0.43984375 0.06667948165323559 0.18125
3 0.5078549692583996 0.41015625 0.10430674668035031 0.203125
3 0.5116481106507516 0.525 0.13896354781181836 0.2515625