4 0.2868995154198981 0.2375 0.06986811416679295 0.1921875
3 0.10418544672723254 0.6234375 0.0999192285299777 0.2546875
6 0.40196791999265286 0.8703125 0.09397725897699054 0.0390625
7 0.48863667301771496 0.87890625 0.0363011143631848 0.0625
8 0.5458042784039092 0.85546875 0.05491475897699054 0.0390625
5 0.5338991760427771 0.8875 0.025181807181592398 0.03125
2 0.5620469019404762 0.88359375 0.029869307181592218 0.03125
7 0.608263371788051 0.8625 0.03471134328594587 0.0578125
6 0.6615610886105637 0.8328125 0.03766362646343317 0.028125
1 0.6544869912194013 0.16875 0.04573065651766246 0.071875
4 0.6060564980550924 0.7046875 0.08227721057599684 0.1765625
0 0.17693818725926275 0.33828125 0.023673849336070064 0.040625
3 0.8495161274453918 0.6203125 0.11389082493918146 0.2390625
3 0.6305666604264873 0.5203125 0.08718287919390769 0.2140625
3 0.5713285366935287 0.3625 0.07306583703942984 0.2046875
3 0.5445615036142373 0.39765625 0.06691583098930565 0.221875
3 0.3276330788480064 0.353125 0.08232266237139489 0.184375
3 0.3533774465308408 0.49375 0.10139082493918146 0.2390625
3 0.39389336222188537 0.5125 0.11387264422102224 0.2359375
3 0.2377347866935287 0.3625 0.09812946955298721 0.215625
3 0.31556837432213375 0.546875 0.07962490924813696 0.2578125