2 0.09768494987273313 0.9375 0.022238626670908878 0.03125
5 0.12109517787241497 0.93984375 0.019077264003817974 0.028125
8 0.1523724498727331 0.9375 0.036392033338636144 0.0390625
7 0.19690369987273312 0.9375 0.02078521467218155 0.040625
7 0.2765911998727331 0.9375 0.0255090773392725 0.04375
1 0.20920008796150177 0.28359375 0.03506589067472685 0.059375
3 0.26572970926163964 0.528125 0.07144083736472587 0.23125
3 0.31379394458150395 0.62734375 0.08557715738381581 0.371875
0 0.7457535639322304 0.49921875 0.02063976400381797 0.028125
3 0.7220887972629123 0.51875 0.06889654535327186 0.146875
3 0.6736876599300032 0.515625 0.03922722668681722 0.1484375
3 0.6465802672660941 0.4953125 0.08501244135899881 0.1890625
3 0.6889121232495492 0.6171875 0.11350216271481592 0.3546875
3 0.5338166379296851 0.51796875 0.06755222135581711 0.165625
3 0.5233149425923216 0.54765625 0.08871924403245295 0.2390625
3 0.3638490359245944 0.55546875 0.08139764003818 0.28125
4 0.019225070635751424 0.60546875 0.03845014127150285 0.3