0 0.6484951139004137 0.7297712540070208 0.02705339600572696 0.04234203610435365
3 0.5762115812380953 0.698162705704223 0.11906127204008907 0.29598518657189177
3 0.41618424260027576 0.48660810304850327 0.12614651869827131 0.2335306383672897
3 0.06736383991091319 0.6558136627641783 0.12843627204008906 0.2960397287263696
3 0.037417089314137245 0.41617899102300954 0.07483417862827449 0.2676420179539809
4 0.14562355788514164 0.845189259271578 0.09202605736790748 0.25520565046753846
7 0.22994346654205122 0.9165688347017389 0.023946577339272503 0.04388635538619425
7 0.15349005454332385 0.9076392622966403 0.028634077339272458 0.04391362646343282
8 0.10818664521009658 0.907121632709949 0.033212489337999786 0.034565897540672096
5 0.07619175787718746 0.9041829850710812 0.02381930800445433 0.032948855386194256
2 0.05356277987750564 0.9019710452777356 0.025345445337363447 0.029832945745273776