2 0.1408468147838407 0.978125 0.02519998789975162 0.034375
5 0.16506556478384068 0.978125 0.020494307181592352 0.03125
8 0.19627920334752225 0.971875 0.039307939695149674 0.0421875
7 0.24078318227028336 0.9671875 0.025254530054229285 0.04375
7 0.32120193529534546 0.95859375 0.029951120413308895 0.0453125
0 0.4585105168738264 0.79140625 0.026798849336070064 0.040625
1 0.6825408309893057 0.221875 0.04262383723582168 0.075
3 0.539140809813871 0.28203125 0.06369083703942983 0.2046875
3 0.6016731469514968 0.421875 0.07167605386194253 0.234375
3 0.5286361436318471 0.625 0.10619649960721667 0.259375
3 0.45457192973620053 0.6515625 0.10020102966144577 0.303125
3 0.41239806527482 0.65390625 0.07479196350286302 0.2328125
3 0.39266734825591554 0.75390625 0.1529805960164204 0.24375
3 0.254321423980664 0.47421875 0.06850560206654457 0.2265625
3 0.23500327653818784 0.3765625 0.08409424063022612 0.2203125
3 0.3899680324901162 0.42421875 0.07312037919390768 0.2140625
3 0.1657447373105764 0.4234375 0.07472833098930573 0.221875
4 0.38878889021400154 0.89296875 0.08718287919390769 0.2140625
4 0.3344624001729506 0.28359375 0.05897606596219109 0.2