2 0.8692048960867437 0.9859122032145511 0.025045451795397966 0.008103401336727245
5 0.8442003509072039 0.986984354551278 0.021911361436318444 0.0065045386696361614
8 0.8129867123435224 0.9810979812221869 0.03448408430895533 0.019149989337999784
7 0.7676923930616816 0.9785002398950049 0.025145445745273953 0.025290901336727244
7 0.6872463689593806 0.9755303285725953 0.0298783975406721 0.03315794533736351
3 0.20141847414918318 0.8280688139720013 0.11886921642972928 0.2904261000159085
3 0.3211325730924698 0.5266961232893201 0.09554989109776431 0.3104658800127268
3 0.3445291664766115 0.5334546532861385 0.1097851079202771 0.3403170120146356
3 0.26944735324489494 0.5483898572963198 0.12211239109776431 0.31077496268299926
3 0.4008564345287883 0.5195188752785025 0.11584421037960499 0.3075772373488174
3 0.48624799210316405 0.7466348112667303 0.12418395120622297 0.3982931440165448
3 0.684286037184508 0.6787098725732316 0.12684534289316235 0.3186420066836355
3 0.8107217930382404 0.5647462752228233 0.09545898750696828 0.2948408800127266
3 0.8653037121471305 0.8508104972151873 0.154743083916172 0.2799067706874535
4 0.3592557835702707 0.28486261195100226 0.06698855386194272 0.23513861600890867
4 0.3323230405041577 0.885916581954184 0.09645788524403187 0.197984061346272
1 0.3986500816766768 0.22737682861236613 0.052126102262936326 0.09747498400699968
0 0.4042051900879331 0.2124694439449571 0.02210225897699054 0.03931703866963625