6 0.2898605108237022 0.80859375 0.09397725897699045 0.0390625
6 0.5534644685710286 0.8640625 0.039226126463433174 0.028125
7 0.37133776980069266 0.84765625 0.050345433645025396 0.059375
7 0.4910144655459664 0.87265625 0.05505111436318479 0.0625
8 0.43381958908253343 0.84453125 0.05178975897699054 0.0390625
5 0.4128894655459665 0.87265625 0.02675339754067192 0.0328125
2 0.4402650318027451 0.878125 0.03299430718159222 0.03125
0 0.6612561834486337 0.1890625 0.02677157825883114 0.0359375
1 0.6611970961146163 0.17890625 0.048782933645025395 0.059375
3 0.6630555536655509 0.3640625 0.13290444535249044 0.284375
3 0.6255101018701529 0.35625 0.12080442115199368 0.353125
3 0.6710594720870701 0.53125 0.10140900565734086 0.2421875
4 0.148392569085449 0.1265625 0.08251355991206691 0.2171875
4 0.783441297419035 0.5109375 0.08732832493918145 0.2390625
4 0.40970485733110185 0.728125 0.0803965480082102 0.121875
3 0.03084704166349838 0.33359375 0.05923968637549998 0.2453125
3 0.20735604127071494 0.59296875 0.1345214875069681 0.29375
3 0.40051867134838537 0.2234375 0.0996919695529872 0.215625
3 0.3890186108471433 0.3953125 0.10150899960721657 0.259375
3 0.36503218588452063 0.56953125 0.11578057786604781 0.2953125
3 0.5313697373105765 0.4234375 0.10605105386194254 0.234375
3 0.5659219993126289 0.45390625 0.11398172852997775 0.2546875