7 0.7576434293434171 0.9109375 0.034629530054229286 0.04375
7 0.8341559323684791 0.90234375 0.033067030054229465 0.04375
5 0.9075479805730812 0.89453125 0.020485216822512697 0.0296875
2 0.9301905950344617 0.8921875 0.02519998789975162 0.034375
8 0.8786599112912403 0.89765625 0.036137487899751616 0.034375
4 0.42276845959403814 0.825 0.06991356596219109 0.2
3 0.3310031404103933 0.76328125 0.06854196350286301 0.2328125
3 0.32605604429577706 0.584375 0.0775533491396783 0.1703125
0 0.3155487737095175 0.25546875 0.018913626463433177 0.028125
1 0.31598511094533915 0.33046875 0.03630111436318471 0.0625
3 0.4251651891059745 0.43125 0.05562380698520055 0.1609375
3 0.41705322813719425 0.5140625 0.08866356596219109 0.2
3 0.49902993598271655 0.5046875 0.09503174063022612 0.2203125
3 0.5012958970496927 0.35703125 0.054097668421519175 0.1671875
3 0.6435743006404888 0.37265625 0.07601812021691715 0.175
3 0.7263458940246306 0.365625 0.07149424668035032 0.203125
3 0.7152458093228917 0.60625 0.08103287314378349 0.23125
4 0.7909896561248789 0.33125 0.04933744554888229 0.1546875