7 0.6890588538340701 0.9446656646108902 0.031495439695149584 0.042369307181592576
7 0.7671656731159109 0.948245182564871 0.031495439695149584 0.04236930718159222
5 0.8413616972182119 0.9525832246211529 0.018922716822512696 0.02979658430895569
2 0.8647855616795924 0.9550633300073471 0.023628397540672096 0.032948855386194256
8 0.8116832875772915 0.9508480077986402 0.0361283975406721 0.03302157825883114
4 0.28932701942691885 0.8962447826865081 0.07768970452587257 0.19419542759490155
0 0.8686342869881163 0.5621036703664266 0.023646578258831142 0.03607385538619425
3 0.8919030944642963 0.7255258209321608 0.08596581283893308 0.27392837939029935
4 0.9054035548439012 0.4193439986252579 0.05108175273047451 0.18622839149054773
3 0.7786137958669108 0.4576701795398089 0.07797150565734086 0.2426329275949012
3 0.702641648326239 0.4900417971244474 0.07785333098930565 0.2223204275949012
3 0.5518472836684666 0.35712878229372447 0.09326016237139498 0.1849113311856975
3 0.4547586602300956 0.3932839300307882 0.06223742134838535 0.22379202400410508
3 0.328440558163551 0.6191192013044187 0.08456693930236625 0.30204428903121966
3 0.372522356269957 0.5623424813586481 0.07645445745273882 0.2504363372358217
3 0.4902593021134267 0.6028725534691592 0.07033172247985356 0.2722749757995032
3 0.622067317435129 0.7763014839909268 0.13135103571156997 0.28669199980360816
3 0.18614397385459558 0.6370419786281736 0.06244649960721658 0.2597295240041051
1 0.2943438558771736 0.30250387304558757 0.04419542759490121 0.07681703005422928
4 0.21174445843469747 0.39968287919390766 0.0606385599120669 0.2175329336450255