2 0.94140625 0.8820230586545303 0.025 0.032957945745273776
5 0.91796875 0.8876281640407246 0.021875 0.02981476502711473
8 0.8875 0.887805426042777 0.0390625 0.04241475897699019
7 0.84375 0.8935287060970065 0.025 0.04233294574527378
7 0.76640625 0.9041349288714475 0.0296875 0.0454852168225127
4 0.79921875 0.7289440313307756 0.2203125 0.48253174063022614
3 0.87265625 0.3886730344540335 0.0984375 0.23963519262201594
3 0.96328125 0.4904895436274157 0.0734375 0.433239746876742
3 0.76328125 0.40571560958960673 0.1234375 0.2335306383672897
3 0.44375 0.5247620880213886 0.1828125 0.3120010720123153
4 0.17109375 0.4919733556807818 0.0796875 0.1848386083130606
3 0.059375 0.5176233163549745 0.11875 0.299128367290051
3 0.27265625 0.7187262323406067 0.3015625 0.5501919393023662
3 0.3921875 0.5422495698710159 0.14375 0.27739881303532493
0 0.40703125 0.5304444614597597 0.0296875 0.0470477168225127