6 0.61484375 0.8667354437021704 0.0953125 0.036492011903856536
7 0.52578125 0.8805348441697086 0.0421875 0.05805793969514959
8 0.46796875 0.8597774374556545 0.053125 0.037809072208706954
5 0.48046875 0.8917359645830174 0.021875 0.03137726502711473
2 0.4546875 0.8911047055078314 0.025 0.029832945745273776
7 0.40625 0.8687302566392994 0.0453125 0.058076120413308986
6 0.34921875 0.8440620547457055 0.0359375 0.028334078258831143
4 0.31171875 0.7302177233636163 0.0515625 0.12217498184962743
1 0.678125 0.2718360341594459 0.0375 0.06428066861791085
3 0.8125 0.5171480132785987 0.0609375 0.1644170240041049
4 0.92578125 0.6766452122453265 0.0578125 0.22064884328594586
0 0.6734375 0.2632695552366847 0.01875 0.028234084308955333
3 0.69453125 0.45845933538910993 0.075 0.19574883723582168
3 0.6515625 0.45558432026379947 0.0703125 0.26915906615858276
3 0.6703125 0.610943985954844 0.1 0.23339428298109546
3 0.6140625 0.48080248888171023 0.0734375 0.198864746876742
3 0.56328125 0.4834416755517978 0.06875 0.17383747579950323
3 0.50859375 0.6376660881195845 0.084375 0.21611587939029936
3 0.49453125 0.31977915135130097 0.0703125 0.15665906615858277
4 0.40625 0.26169900663929935 0.059375 0.18940793364502548
3 0.16171875 0.6717153978352596 0.0984375 0.25526019262201594
3 0.20078125 0.39648813885826917 0.0703125 0.19572156615858277