7 0.28672419419314976 0.9424624093729982 0.031486349336070064 0.040988626670908704
7 0.20860373937268956 0.9407720926957259 0.029923849336070063 0.04097044533736351
5 0.13438498937268956 0.9399084793523172 0.018913626463433086 0.028343176002545434
2 0.11094294419314973 0.9404170093491355 0.022056807181592353 0.031504538669636165
8 0.16407248937268956 0.9402539246896808 0.034556807181592396 0.031649989337999784
4 0.6147724470218201 0.8251776487507689 0.04958288524403187 0.19743862133990858
3 0.7003468535394826 0.7542935314289956 0.04509537314378349 0.2317590773392723
3 0.6865484948336386 0.5744333087603138 0.061910168421519175 0.1678965720082722
0 0.6626944009585175 0.24288331675681402 0.015788626463433174 0.02830681333545444
1 0.6700705637226958 0.31797422342454124 0.030042024004105095 0.06128294533736352
3 0.5701973078689634 0.4293197087444055 0.03998971662612103 0.15982953333863606
3 0.5869075640172834 0.5115509534134054 0.06989538524403187 0.19767497867599956
3 0.5048808591968232 0.5098151834022696 0.0731294695529872 0.21646134134309047
3 0.4862086481298472 0.36193166673295146 0.038463578062439475 0.1660613520050907
3 0.3446205909482548 0.39153625604708875 0.06037493949875792 0.17256589067472686
3 0.261803545768715 0.39135389536918014 0.05116356596219109 0.2005818026734542
3 0.2978990852909141 0.6331964973742709 0.05913969242562418 0.2287977093411815
4 0.1924268318730685 0.36398232602640784 0.0337033551898025 0.15350680800445443