4 0.22020691910889015 0.2880095809893057 0.11094763212077385 0.2709488251355732
3 0.11084451288581534 0.5537885962128121 0.14225217427525155 0.2805056323171655
0 0.1621888442679045 0.5915885780624395 0.029969301131468163 0.048610216822512695
3 0.7228672690341353 0.6393832669720222 0.17076805971567524 0.3478567587805987
3 0.8898825730924698 0.5356638902140015 0.1065782946885605 0.3256090540583344
6 0.3351662393726896 0.9402629482793567 0.10181703005422929 0.044340873340175335
6 0.6228435013747421 0.9114668243500063 0.042369307181592396 0.03149543969514994
7 0.5609520345522293 0.9407952551663614 0.05506929508134384 0.06594316256778647
7 0.43040147132051276 0.9540987101832133 0.05663179508134384 0.06595225292686635
8 0.49461396224532644 0.9286901649054776 0.056522710772388504 0.04720225292686635
5 0.4826906791660351 0.9637782372123805 0.02678975897699054 0.0392170361043533
2 0.511596929166035 0.9639464088553534 0.037718168617910844 0.03771816861791066