0 0.34421166753775634 0.75078125 0.028370439695149675 0.0421875
3 0.4143241796380047 0.71640625 0.12829875858420703 0.2984375
3 0.567743574546398 0.4984375 0.13262264422102224 0.2359375
3 0.9217730652748202 0.65390625 0.1361112585842072 0.2984375
3 0.9507999515990064 0.41015625 0.09840009680198705 0.2703125
4 0.8486451583643742 0.84140625 0.0967396863754999 0.2453125
7 0.7662962666774347 0.92109375 0.025254530054229285 0.04375
7 0.8435718389843376 0.909375 0.029942030054229463 0.04375
8 0.8880849082661783 0.90625 0.03457498789975162 0.034375
5 0.9200934323684791 0.90234375 0.025190897540672098 0.0328125
2 0.94273150165032 0.89921875 0.025181807181592575 0.03125