7 0.7649037363476274 0.9296875 0.026826120413308986 0.0453125
7 0.8423065736816451 0.91953125 0.028388620413308984 0.0453125
5 0.9197094110156625 0.909375 0.022056807181592218 0.03125
2 0.9431605465542819 0.90703125 0.02677157825883114 0.0359375
8 0.8876508899384238 0.9140625 0.04240566861791066 0.0375
0 0.4072983738311544 0.22265625 0.015770445745273774 0.025
3 0.4192802233636163 0.31171875 0.05572380093507654 0.178125
3 0.40021660597536945 0.365625 0.0761544756031114 0.1984375
3 0.2126257023845733 0.38125 0.05562380698520064 0.1609375
1 0.2208472685431561 0.3109375 0.03945338544042354 0.0671875
3 0.28926442867505575 0.63671875 0.06385446350286302 0.2328125
3 0.29310652528065134 0.78203125 0.10172716822512733 0.296875
4 0.3871741669675909 0.86171875 0.08749195140261463 0.2671875
3 0.6206366276417835 0.75 0.09218854176169415 0.26875
3 0.5457371424725064 0.5984375 0.06708854781181853 0.2515625
3 0.5409956211988758 0.4734375 0.09040787314378348 0.23125
3 0.6948655097625573 0.4796875 0.07789878278470379 0.2296875
3 0.676546780937992 0.53984375 0.07478287314378348 0.23125
3 0.8672445038106289 0.52734375 0.07478287314378348 0.23125
4 0.9528921540817755 0.30859375 0.07304765632127044 0.2015625