3 0.974176033378407 0.8298638629884426 0.05164793324318602 0.3206579336450254
3 0.8409753714194504 0.639224706568976 0.059868085375543244 0.3112647529268662
3 0.6317345420512249 0.3809935291704665 0.0762737880330894 0.24417724687674197
3 0.6225419027291335 0.463746941836449 0.09531468936981646 0.2692863311856975
4 0.4250658240372255 0.2766731469514968 0.04780334269572606 0.2143261204133089
3 0.2618407600652243 0.4819595688890573 0.1153362880330894 0.24440450585373252
0 0.47015269939526994 0.45895438182618625 0.02543635200509069 0.03764544574527395
1 0.43458572736313494 0.2220447342855143 0.05094542934436319 0.08154089149054773
7 0.14640940077972206 0.8336079064194666 0.034993165340545127 0.05332498789975162
7 0.056592922780040245 0.8354289607723885 0.0475658906747269 0.05964771077238851
2 0.17883209679340326 0.934570963601059 0.03791817067154524 0.03615566861791066
8 0.12338152812694872 0.9358107558537325 0.04573067067154524 0.03620112041330899
5 0.05464970946049415 0.9369732800542293 0.034793170671545234 0.036137487899751616