6 0.3864076921148583 0.8417120486155477 0.0924602200031817 0.02451019867918127
7 0.4748889367838583 0.8578723032702303 0.025654528007635947 0.05654090133672725
5 0.5211554094525399 0.8721797039306395 0.02218408267027261 0.02681703866963616
2 0.5484900687857672 0.8710802805935943 0.022129538669636163 0.022129538669636163
8 0.5340548514480856 0.8392126625955033 0.04878294533736351 0.030251121339908593
7 0.5967184834499946 0.8525479092536855 0.039698846674090585 0.05514203333863606
6 0.6550304227800402 0.8276473592457313 0.036210220003181706 0.023855670671545325
1 0.29202551002545335 0.18412736262732 0.04149770401018138 0.07547271467218156
4 0.22119593670431645 0.27480745397041045 0.05706925469445325 0.2053238466740906
3 0.3380390860518612 0.37814953528804757 0.09022720003181668 0.23539315467854482
3 0.3543987880330894 0.23965919995227494 0.05229084802672599 0.19745680267345422
3 0.39136408072086115 0.39471886994750244 0.05903174403245304 0.23971702800763595
4 0.5319100014321773 0.722034253262276 0.05935791335136287 0.1334852093411815
3 0.3725884507479053 0.5941830679503659 0.07129538669636233 0.21954997867599957
3 0.37292535276095023 0.6902859086171386 0.060266980028635064 0.2116102093411815
3 0.5738033160407254 0.29336381325591265 0.11626244135899881 0.19038973734881742
3 0.6628487293920882 0.4251581585773677 0.05868629869508961 0.21002952800763594
4 0.8328777766947715 0.1973678712205961 0.055452210693816895 0.20061816534054513
3 0.8478151700747691 0.540990601885778 0.0748385573679073 0.2555238413430905
3 0.7239685900699968 0.5072706772358682 0.05910446936663476 0.24596702800763595
0 0.7823879753739528 0.2901553552275958 0.017532945337363513 0.02988749466899989
3 0.7968413740451797 0.32358547322568676 0.06818856802990751 0.22107611600890867