7 0.1743060074248663 0.9270908533577262 0.03778180113146816 0.04887385200509087
7 0.09234293511796345 0.9144175833465902 0.03777271077238853 0.047311352005090866
5 0.015062817631520764 0.9025801073360908 0.023628397540671975 0.0330852200031817
2 0.0021285639190876107 0.8984920440006363 0.004257127838175221 0.037609088001272536
8 0.04629009173382172 0.9068499840069997 0.04084316861791083 0.03797271467218159
4 0.6032031670657867 0.9298351400381801 0.09304199375348414 0.14032971992363982
0 0.07059221760807965 0.48991702267663595 0.028352258976990452 0.039389764003817974
3 0.034464861829101925 0.6543244206715453 0.06892972365820385 0.2961488413430905
4 0.06212625351604142 0.33355793467536327 0.07146697560311144 0.19925566000954503
3 0.18674445843469747 0.4006374413589988 0.10464308996629619 0.26213746801399934
3 0.25754277176460993 0.4522459420353166 0.10139991529826116 0.24178860534690844
3 0.44254046136156366 0.3473600893936791 0.11523515632127079 0.20288973734881743
3 0.5367353680756178 0.40627256007317847 0.08733741529826097 0.24162497334499947
3 0.6195877329297819 0.6689731020846323 0.11750670432948099 0.324782918682363
3 0.5863939587292851 0.5998322034134054 0.10312604176169415 0.2699317866804538
3 0.4550439647794093 0.615492471395588 0.09856580678880889 0.29175224267981753
3 0.2799298144100669 0.7673715027052709 0.16430898145684392 0.3128283586887262
3 0.7638371817983136 0.7190923754375861 0.089118083916172 0.279143154678545
1 0.7222461420797229 0.34748954809831367 0.05361587939029953 0.08499316534054513
4 0.7871848199692119 0.46622191410722236 0.08416696350286301 0.23377611067790854