6 0.21234348344999465 0.8581977984991894 0.04725680800445433 0.033085210772388504
6 0.21124460745540347 0.8980506388582692 0.0426602146721816 0.040870439695149585
7 0.16545939278322191 0.8576892592715779 0.030105670671545237 0.03611021682251305
7 0.1659321074554035 0.8983142592715779 0.02856135200509069 0.03766362646343282
8 0.11308837078290375 0.8556500363007451 0.04574885200509069 0.03776362041330898
2 0.12767812945572166 0.9008807230690288 0.025363626670908877 0.031395445745273774
5 0.09639176678863075 0.897937530250621 0.020712489337999785 0.03449317466803521
4 0.3186169240531339 0.38957908782499684 0.05686926002545336 0.18781816256778666
4 0.9128230994191323 0.6267633869133615 0.05601583203372584 0.24874657220870694
3 0.7934367527450419 0.5727667542034125 0.06851583203372566 0.24881929508134384
0 0.6993402127227701 0.40924058538910996 0.020730670671545326 0.03605567466803503
3 0.7179998533974971 0.46851104625969436 0.07565562269254436 0.19105224687674216
3 0.6449805240690423 0.5048757931364364 0.060339705362816784 0.21752384328594587
3 0.6423918734086328 0.5509877238545956 0.05301810136854392 0.25966589149054775
3 0.5756765407383603 0.5248115641154794 0.0682249306969986 0.22381929508134385
3 0.592191878739633 0.5340911153451433 0.0763465133672712 0.25042724687674217
3 0.46243055872054295 0.394211524789672 0.05034654002227175 0.1643443011314681
3 0.42523109806649695 0.4874029885871226 0.06199311203054414 0.22534543364502557
1 0.6614487667090889 0.3086729588274809 0.03828179734245403 0.06740566861791084