6 0.13531168511796343 0.91164492998091 0.05020907825883123 0.036519302673454136
6 0.13271795024327396 0.9546409519812281 0.04556703005422928 0.044277258672817864
7 0.08532077547704306 0.9106642326543642 0.03303975897699043 0.0394443080044546
7 0.08428499542281376 0.9544233233211369 0.031486349336070064 0.040988626670908704
8 0.030651456195202292 0.9081755793284547 0.04867384933607005 0.041188621339908596
2 0.043655450243273955 0.9556772879933184 0.028324987899751596 0.03470226400381797
5 0.011342210045424395 0.9529340959977729 0.02268442009084879 0.036210220003181706
4 0.2671041241257421 0.41405121996341077 0.062101065962191095 0.2007090720082724
4 0.8889871727231273 0.6739843678787782 0.06248286104353511 0.2663340720082724
3 0.7651184015476927 0.6152735338956411 0.07497377068445558 0.26491702267663586
0 0.6700473169441497 0.4406104359086861 0.02209316861791084 0.03775453866963616
3 0.688433702580965 0.5028922599061406 0.08244083703942984 0.2056329293443632
3 0.609313829142594 0.5405291672501857 0.06697946350286302 0.23357611600890885
3 0.6043399828315861 0.5898024612508219 0.060983993557092296 0.2772533906747269
3 0.5349814496540988 0.5609240305935943 0.07482832493918146 0.23991702267663584
3 0.5521053171405415 0.5716615359245945 0.08436695140261463 0.26815111067790853
3 0.41940242233034397 0.4200910399427299 0.05571471057599684 0.17719884667409058
3 0.3766331393492484 0.5205819359484569 0.06858741529826115 0.2414067973424542
1 0.6331790969001831 0.33245303791377667 0.04261474687674198 0.07392839600572695