4 0.04789610275391562 0.22734375 0.06638859016268789 0.13125
3 0.32619434045727547 0.06328125 0.09136131908544902 0.1265625
3 0.3729051931129953 0.22578125 0.07324764422102223 0.2359375
3 0.2041632417103806 0.49296875 0.09190674063022612 0.2203125
3 0.2657592718628058 0.5140625 0.1077680899662962 0.2609375
3 0.32975761846840135 0.659375 0.16409990319801276 0.275
3 0.5835462146812134 0.5453125 0.09648515632127079 0.2015625
3 0.5489888866187739 0.7109375 0.12155787919390768 0.2140625
3 0.7293934832243696 0.85625 0.1431783491396784 0.1703125
3 0.7719290212736306 0.125 0.07927038524403188 0.196875
4 0.9431591266598248 0.1015625 0.11329995159900648 0.1375
1 0.47913038369190775 0.7671875 0.11673402380771343 0.190625
0 0.5509018863241864 0.51640625 0.03154998184962743 0.0515625