7 0.7791497227879944 0.889277543332828 0.028652258672817864 0.04547612646343317
7 0.8571383627864038 0.8771042753788472 0.025509077339272324 0.04389544574527378
5 0.9327650714512672 0.8633821429634857 0.023801126670908702 0.031386355386194255
2 0.9561571181174038 0.8593395375772914 0.028543170671544972 0.03610112646343318
8 0.9015787061186764 0.869032700145078 0.04264203333863605 0.039307939695149584
1 0.6016192333704529 0.2699558924725064 0.04296929734245403 0.06743293969514967
4 0.6212419373806342 0.344846808163551 0.05823176535645338 0.17063975292686617
3 0.012312927394951712 0.4538653433841417 0.016553342695725937 0.2141443132317166
3 0.05375718208940498 0.6583255844071513 0.09191696936663482 0.2458306504675381
3 0.230594044119949 0.8823120093697738 0.14958401869827131 0.23366699375348396
4 0.24603777812694871 0.9337881509585177 0.10307155068427187 0.13027837334017534
0 0.7165913473901793 0.4146093414392341 0.017514764003817972 0.02822499394987581
3 0.7363680453930427 0.4355894619507389 0.07594652402927142 0.21605224687674215
3 0.5598788180696787 0.5100587177062755 0.09040901336727121 0.2505090601084586
3 0.589848128739633 0.5341047508837627 0.09024538136536223 0.23644656010845858