0 0.3578235311343838 0.6653222712842295 0.025254530054229285 0.044040901336727244
4 0.14077641081927075 0.7779966359802736 0.07812604176169424 0.26964088534372677
4 0.3226375484009937 0.13373646395609293 0.04493174668035031 0.20363407733927247
3 0.3971693949083933 0.21333250994591157 0.08423059601642038 0.24471361067790856
3 0.5328705455723233 0.2523757339274579 0.048238553861942715 0.2349204400063633
3 0.6239535669441498 0.4411467852482767 0.07814422247985356 0.2727658853437269
3 0.6089689163784157 0.46553825791695835 0.09530445140261463 0.26827838001272664
3 0.5626388170423455 0.506699607256549 0.08291353571156997 0.2868829293443632
3 0.702568925453602 0.49022862790423166 0.06897830073868469 0.308594297342454
3 0.41756214549756854 0.6021313806095027 0.11682492739850954 0.20759541868236298
3 0.3627655611886131 0.6215177272835932 0.11548968637550008 0.24663973734881744
3 0.2322473350945223 0.49726370930141056 0.08579309601642038 0.2447317920114541
3 0.14050019662903668 0.5569210673138191 0.0702862706844554 0.26486247867599955
1 0.7485324278894888 0.10925080056495924 0.04742042154477701 0.09429544000636332
6 0.3442099621471306 0.856873971952593 0.08926248789975162 0.035411336012090545
6 0.6130054139425287 0.8459342825827765 0.03607385538619425 0.02385567067154497
7 0.5542798537358743 0.8692723325907308 0.04561248184962743 0.052089758672817864
7 0.43394008265863543 0.8753597952737302 0.048801114363184794 0.06306362133990859
8 0.493419621788051 0.8567001545990032 0.05331589754067192 0.033430665340545215
5 0.47839860978599846 0.8873416272676848 0.02362839754067192 0.0330852200031817
2 0.5057378146064586 0.8878047039306395 0.028297716822512697 0.030014764003817973