6 0.6675474681972549 0.878125 0.09545794574527378 0.025
6 0.38624747122231695 0.88671875 0.03764544574527386 0.025
7 0.5760003176315207 0.90234375 0.04406816256778647 0.0546875
7 0.4486338417338217 0.90625 0.04564884328594587 0.0578125
8 0.5128054260427771 0.8875 0.04237839754067192 0.0328125
5 0.5298065736816449 0.91953125 0.014207945745273776 0.025
2 0.5001099833225654 0.92109375 0.022038626463433176 0.028125
1 0.632930153787188 0.1140625 0.0395261083130606 0.0796875
4 0.9572973320694602 0.49140625 0.06092945140261463 0.2671875
4 0.3770184378484379 0.72734375 0.06688855991206691 0.2171875
4 0.252197783373879 0.159375 0.054379469552987204 0.215625
3 0.7380019105246831 0.58515625 0.06892375858420703 0.2984375
3 0.7062161002198328 0.54296875 0.11560786104353511 0.265625
3 0.6012336844305924 0.459375 0.08895445745273882 0.25
3 0.5794768590986275 0.4390625 0.06110216822512733 0.296875
3 0.39354494603986145 0.16953125 0.05895788524403187 0.196875
3 0.39854502166641403 0.384375 0.12155787919390768 0.2140625
3 0.3780138321676561 0.55625 0.08898172852997774 0.2546875
3 0.27371721760807965 0.4890625 0.07322037314378349 0.23125
3 0.2399916574014252 0.51171875 0.11561695140261463 0.2671875
3 0.05302850946796976 0.28515625 0.06695219242562418 0.228125