7 0.78203125 0.9467372247193486 0.0296875 0.048610216822512695
7 0.8609375 0.9362587878528693 0.0296875 0.048610216822513055
5 0.94296875 0.9250172817045493 0.0234375 0.032948855386194256
2 0.9671875 0.9228144322702834 0.028125 0.03766362646343317
8 0.9109375 0.9295184293434172 0.04375 0.039317030054229464
1 0.68359375 0.31803953209733277 0.0390625 0.06116475897699036
4 0.6953125 0.3892014597904299 0.040625 0.13148634933607006
0 0.7734375 0.4365309777444108 0.0171875 0.02509999394987581
3 0.78671875 0.45301449579658754 0.0671875 0.21289088544042353
3 0.5328125 0.47966231244614965 0.0703125 0.18790906615858277
3 0.43359375 0.48689757464459393 0.0609375 0.1894170240041051
3 0.7078125 0.6283366826630669 0.10625 0.2428056444174139
3 0.35 0.4590674904338344 0.075 0.18637383723582168
3 0.14453125 0.5453721082148647 0.115625 0.21317268657189176
3 0.0234375 0.5790426053861942 0.046875 0.2237102107723885
3 0.0546875 0.8750863584112564 0.05 0.2498272831774873
3 0.28984375 0.8055925116092691 0.1109375 0.2662704154946528
4 0.490625 0.9192686713483853 0.0875 0.1614626573032293