7 0.2804855034611305 0.94140625 0.04920111600890866 0.065625
7 0.22667925079563042 0.95 0.052289753341817756 0.0625
4 0.655720218769859 0.76015625 0.10421697469763487 0.228125
4 0.7567067227084526 0.3078125 0.08512152936027154 0.1984375
0 0.7328221380092268 0.06796875 0.025454533338636055 0.0390625
1 0.6728215240292714 0.215625 0.05243520401018138 0.075
3 0.18768564473263333 0.4859375 0.1104487933640895 0.2265625
3 0.5378236467615866 0.69921875 0.15834194804263432 0.3140625
3 0.6071174447405875 0.54453125 0.10009309603754382 0.2765625
3 0.6114680427275426 0.4484375 0.09355219470081658 0.2515625
3 0.6772663127386785 0.53046875 0.10963172803945262 0.290625
3 0.6836703067313606 0.4765625 0.08737492003499839 0.2578125
3 0.6999578307208612 0.39921875 0.10448969470081657 0.2515625
3 0.7920453333863613 0.390625 0.0934976507001803 0.246875