7 0.3485002334999474 0.95078125 0.026807939695149764 0.0421875
7 0.2727735256544251 0.96015625 0.023682939695149674 0.0421875
5 0.19938147744982318 0.96796875 0.022047716822512786 0.0296875
2 0.1759621581679824 0.97109375 0.025199987899751575 0.034375
8 0.22982750155212414 0.9640625 0.04083407825883114 0.0359375
1 0.3378646561248789 0.33125 0.040997704722264314 0.0640625
4 0.34142144818116077 0.40546875 0.04939198770335986 0.1640625
3 0.9636595416634984 0.33359375 0.06841469847574828 0.2109375
3 0.9836172572189696 0.4390625 0.032765485562060805 0.05625
3 0.9559101532962085 0.53984375 0.08817969340758296 0.2390625
3 0.8554764204646226 0.80703125 0.13579309601642037 0.24375
4 0.8597735559050461 0.87421875 0.09322380093507654 0.178125
0 0.27163618900777864 0.49609375 0.015779536104353474 0.0265625
3 0.2608350443939729 0.51953125 0.06527151775758924 0.2078125
3 0.4437793546006274 0.5421875 0.07639991529826098 0.240625
3 0.42207252624360025 0.57109375 0.07788060206654457 0.2265625