2 0.8025900785328244 0.9812014229195192 0.025327264003817972 0.028270445745273775
5 0.7791525785328244 0.9813377783057134 0.022202264003817973 0.028252265027114733
8 0.7479843945337789 0.9744883354873057 0.03486589600572696 0.04238748789975162
7 0.705079279201188 0.9692695703619953 0.027071577339272325 0.0439045361043533
7 0.6263184798695514 0.9572286334955159 0.031795440006363404 0.04705680718159257
3 0.7114320132479585 0.6247246848233758 0.14126353604390704 0.3242374515990063
3 0.6948274106063209 0.4404587691323313 0.10152832670272574 0.2661976926220159
3 0.6697092319382756 0.4507604648776051 0.11906127204008907 0.29598518657189177
3 0.5704439339195038 0.5896098623200812 0.1418624253659985 0.241434041958086
3 0.6067985099061406 0.6878291937021703 0.12560217337681615 0.3210215480082102
3 0.20381041725018564 0.6112728015242517 0.13444991470399828 0.27576359016268787
3 0.08023546256368656 0.7580755995324618 0.14475216271481597 0.3555056323171657
3 0.08953138327500268 0.42913753327568316 0.14840332670272563 0.2664704033944044
3 0.18807851861872948 0.35200688583320705 0.12503855203690736 0.2725840480082102
0 0.4942803285725953 0.6900461995559029 0.028615896005727136 0.04235112646343318
1 0.7288040632956836 0.2730849167711991 0.060393154678545 0.08784543364502548