8 0.8767815676315207 0.9074752577004442 0.04082498789975162 0.03461134933607006
7 0.8314554320929013 0.9095553872871353 0.029914758976990186 0.0392352168225127
2 0.9299520194269189 0.8999718299091513 0.02361930718159222 0.031386355386194255
5 0.9080542935292198 0.9037508148820365 0.02363748789975162 0.03451135538619425
7 0.757977025477043 0.9161593904103933 0.025245439695149585 0.04233294574527378
4 0.04871773848892678 0.35498293667008757 0.049246541958085976 0.1393443011314682
4 0.36161108558550165 0.8263504392041703 0.06996810811666876 0.20977497579950324
3 0.26657584153742997 0.7781396773003136 0.11556240924813696 0.2584760962128122
3 0.23134791042648734 0.5216760538619427 0.08402151775758915 0.20829428903121966
3 0.30979509729296656 0.6010413669954634 0.0762544695529872 0.2160613372358217
3 0.36759902781473414 0.4685606651018694 0.08871810811666876 0.20988406010845856
3 0.36564161807561785 0.40214077956325 0.10091812626704141 0.15839428298109545
0 0.46113138007767046 0.37222654146710665 0.018895445745273777 0.02510908430895542
3 0.4315075125912277 0.361116324644594 0.08523858411256366 0.14892837939029935
3 0.4597723713952676 0.6058202914671067 0.07786242134838535 0.2238829275949012
3 0.5668303715916594 0.7361350262436004 0.08259537314378348 0.23172269867214013
3 0.833110919207086 0.3564212969280557 0.0995010720123151 0.18338519262201594