7 0.26570316706578667 0.9234080386298654 0.031495439695149674 0.0425511266709087
7 0.18525259778394593 0.9212193773074556 0.031495439695149674 0.0425511266709087
5 0.10869464296348572 0.9213290126511826 0.01892271682251274 0.029905676002545435
2 0.08369464296348574 0.9216199139879097 0.0236374878997516 0.034647720003181705
8 0.1391588477839459 0.9217557266470464 0.03612839754067201 0.03323067067154497
4 0.6070190343558377 0.8006945079169583 0.05431583703942984 0.20530566534054523
3 0.6965087812325796 0.726220671904868 0.051390824939181456 0.23964430267345432
3 0.6850905339630542 0.5404286225732315 0.06663402985783762 0.17420111600890867
0 0.6675500726014905 0.19846838924254961 0.017360216822512698 0.02988749466899989
1 0.6725688498270493 0.27574850457514055 0.033176114363184794 0.06288180800445434
3 0.5679944584346975 0.39180131325591266 0.044713578062439474 0.1661340773392725
3 0.5831240338648583 0.47677574992045824 0.07619083703942983 0.20556020401018138
3 0.4987626694034778 0.47541379193191224 0.07942492134838534 0.2243465666772723
3 0.48246602459328025 0.3224887866009121 0.04162493949875792 0.1723477146721816
3 0.3354228529503073 0.3531040819541839 0.06510789129415606 0.1804329346753632
3 0.24948535295030733 0.3541040552991833 0.05589651775758915 0.20844884667409058
3 0.2831916906771083 0.6029137252944109 0.06544423458010193 0.2382454346753633
4 0.17855977459328026 0.32602505597550113 0.03686471662612103 0.15979317067154514