4 0.9283396652000653 0.3000781670657867 0.07767152380771343 0.19107042759490128
3 0.7417623366466465 0.4597627601553408 0.134166963502863 0.23358518052176755
3 0.7485128272768726 0.6800434438985621 0.12808058996629618 0.26167381908544896
3 0.7869788669954634 0.3087133445624921 0.1183601563212708 0.20224427693097136
3 0.2893095023376911 0.4436444191088901 0.11388173458010194 0.23815450585373235
4 0.5717326795398089 0.7779501996540988 0.09322380093507636 0.1786613311856975
0 0.33048849336070063 0.40434102459328025 0.020485216822512697 0.02980567466803503
3 0.5918946677341481 0.6176712298065239 0.10775899960721666 0.2599931444174139
3 0.7288482044276767 0.25436218784843795 0.10739538524403187 0.197493144417414
3 0.4352618308911099 0.2841961753554061 0.11044766237139499 0.18501132513557322
3 0.5761600625443455 0.4646325882177803 0.0792885659621911 0.2004545179539809
4 0.30200390329620863 0.2084063558771736 0.0900533491396784 0.17083065046753818
1 0.20136303298109554 0.09883188885826913 0.042560204722264315 0.06430793969514967
6 0.623486597961328 0.9448422629840113 0.054942030054229284 0.044068162567786826
6 0.4733638781137531 0.9246211874556544 0.06121021077238851 0.04722952400410492
7 0.5468695558068501 0.9359126905789126 0.07686248184962743 0.05200792759490156
7 0.3982866100615764 0.9117762746914762 0.07529089149054782 0.05043633723582168
2 0.3247763871889394 0.8997035215682182 0.03616475897699045 0.03927157825883114
8 0.25439570949584234 0.8883938377268009 0.056513620413308985 0.04563975292686635