2 0.8820957815271673 0.92890625 0.022056807181592576 0.03125
5 0.8594258959885479 0.93125 0.01735112646343282 0.028125
8 0.8289707815271672 0.92890625 0.03459316861791066 0.0375
7 0.7867878267067071 0.928125 0.03303066861791084 0.0375
7 0.7086628267067071 0.928125 0.03461134933607006 0.040625
4 0.6373468837901035 0.83203125 0.07038626463433122 0.28125
4 0.16359784992524523 0.3484375 0.04494992739850954 0.20625
0 0.5755438589022357 0.309375 0.015806807181592396 0.03125
1 0.7203932714700223 0.2546875 0.03789997579950324 0.06875
3 0.7017093656397309 0.78046875 0.07007719242562409 0.228125
3 0.7019326003180287 0.6078125 0.05730448165323558 0.18125
3 0.6173990399149825 0.50078125 0.08119649960721649 0.259375
3 0.5798813800776704 0.36953125 0.047884029857837615 0.1734375
3 0.5381165817748726 0.296875 0.04179765632127079 0.2015625
3 0.29788544975229464 0.63203125 0.05659647540671973 0.328125
3 0.1898194614597596 0.40703125 0.03877265027114647 0.21875
3 0.36046778386485834 0.48359375 0.04514991529826116 0.240625
3 0.44973936212368953 0.44765625 0.06693401170746505 0.225
3 0.4583235008837628 0.58359375 0.04838399960721649 0.259375