7 0.6414962545771863 0.9591685261454044 0.03620112041330899 0.045521578258831144
5 0.7900610196043009 0.9819071102579681 0.022065897540671918 0.03293976502711473
2 0.8135257906815397 0.9855188939755326 0.023619307181592573 0.028962212048934788
8 0.7587837485270621 0.9770378030763759 0.03302157825883114 0.0361283975406721
7 0.7189036370907436 0.9705559989198456 0.03462043969514959 0.04238748789975162
4 0.7443258179070986 0.9067146500747547 0.08548402380771343 0.1865706998504905
4 0.03181516490547767 0.5001681716429729 0.05901242739850955 0.20658634328594588
3 0.07444809250037894 0.5769761113381225 0.08423968637549999 0.24579428903121964
3 0.20231856244614965 0.5339715207826512 0.07621810811666876 0.20981133723582168
3 0.3955362555591449 0.3093220204880637 0.05869426483072297 0.15189884328594588
4 0.587937378997516 0.34715888465485667 0.049246541958086 0.13934430113146812
3 0.4022271379745064 0.3851396319243821 0.055751072012315286 0.18313066256778665
1 0.29296979176169424 0.27044535196834874 0.03784543364502548 0.05959316861791084
3 0.3340139900410509 0.6112976109453392 0.07462833703942992 0.20511474687674217
3 0.3887201916400573 0.749111228333586 0.10932149960721657 0.2600022347764936
3 0.7660719902374427 0.4841281404103933 0.06184653590796181 0.1566045240041051
3 0.645823122751 0.49436568276126264 0.06351812021691713 0.1753636143631848
3 0.6933980804001305 0.6149508935336512 0.07611811416679296 0.1926238372358217
0 0.8079832760472085 0.7054582397464634 0.020476126463433175 0.028243174668035033
3 0.8359628303019345 0.6806218662098964 0.08551129488495235 0.19580337939029935