4 0.6037320994589033 0.925 0.06893290802036275 0.15
1 0.5209783080442253 0.32578125 0.05256247334499946 0.0859375
3 0.3146497760979955 0.721875 0.10327264003818008 0.28125
3 0.49439981608049627 0.59296875 0.04889422270845252 0.3078125
3 0.5009776274267684 0.68828125 0.08361466804581603 0.3375
3 0.6798106047501326 0.61484375 0.07240444804263432 0.3140625
3 0.7304447620544066 0.40078125 0.04182606269890758 0.2375
3 0.7082430453930427 0.43984375 0.07649196403563466 0.2625
3 0.9722766313653622 0.6390625 0.055446737269275556 0.334375
0 0.5108856927116343 0.33125 0.023910214672181594 0.040625
6 0.8401872201224944 0.90234375 0.050345445337363515 0.0296875
6 0.8406962974617669 0.94609375 0.042605670671545325 0.0359375
7 0.8902144921228125 0.9046875 0.028524989337999785 0.034375
7 0.8891701601288577 0.94921875 0.028561352005090867 0.0375
8 0.9448747201224943 0.90234375 0.044131808004454244 0.0328125
2 0.9313758414624032 0.95078125 0.025345445337363513 0.0296875
5 0.9633980007956303 0.95 0.023782945337363515 0.0296875