4 0.7161663972460843 0.23150258927892509 0.05742265632127079 0.20188975292686617
3 0.9434344418364489 0.62265535098639 0.0827953610435351 0.2660976986721401
6 0.6537008179070987 0.9084599990180413 0.09862839754067192 0.03338519262201593
7 0.5631758118569745 0.9251202581914235 0.033185204722264314 0.0642533975406721
8 0.5005576371889394 0.9044441438282387 0.05490566861791084 0.03781816256778683
5 0.5155922847296115 0.9373430022394953 0.023628397540672096 0.032948855386194256
2 0.48667694437053177 0.9356123305965223 0.029869307181592218 0.0314227168225127
7 0.43579570042065596 0.9181293939264347 0.031586343285945874 0.057994307181592576
6 0.37704741431630245 0.891226005460949 0.03766362646343317 0.028343168617910662
1 0.3245374334486337 0.1909442043294809 0.04261474687674198 0.07368293969514968
4 0.4238900771786767 0.7516595114128775 0.07137607201231529 0.18322156615858276
0 0.840162954329481 0.3283144776462149 0.02212043969514994 0.04231476502711473
3 0.16021794173825313 0.6829402859079619 0.0998737767345796 0.24744769262201594
3 0.3805890081914235 0.5600078217177277 0.07316583098930582 0.22229315651766246
3 0.4288078186926656 0.38841916802873566 0.05905787919390768 0.21439884328594588
3 0.4594765565924172 0.4229714300307882 0.05135446350286301 0.23310339149054773
3 0.6840856711519937 0.3570929417382531 0.06985902380771343 0.19102497579950314
3 0.6693333456236369 0.5070020381474569 0.0873828670936593 0.24893746974937886
3 0.6288401558302914 0.5294219388113869 0.09985559601642038 0.24432269262201595
3 0.7786214663315334 0.35842415846257 0.08411242134838517 0.22391928903121974
3 0.714950372652804 0.5596094085607659 0.06094763212077403 0.2706579336450254