3 0.17109375 0.8419733556807818 0.115625 0.25692268657189177
3 0.290625 0.5522154432111911 0.096875 0.32243860226293625
3 0.31484375 0.559887042645457 0.1125 0.3522170058537325
3 0.2375 0.5743995154198981 0.125 0.3226022287263694
3 0.37421875 0.5462603590004316 0.11875 0.31944086729005094
3 0.4640625 0.7808939133533535 0.1265625 0.4116738190854491
3 0.66796875 0.7117388714934634 0.13125 0.328888590162688
3 0.79921875 0.5953502813307756 0.096875 0.3052511022629364
3 0.85859375 0.87234859768575 0.1546875 0.24621244554888227
4 0.32890625 0.3027739794137405 0.0671875 0.24414088544042353
4 0.30625 0.9029057896203948 0.0953125 0.16305451190385653
1 0.36953125 0.24316263007767042 0.053125 0.10187157220870705
0 0.37578125 0.2282825186413519 0.0234375 0.040761355386194256