2 0.09681279320500591 0.9459397347764936 0.022238626670908878 0.03137726502711473
5 0.12023211187146048 0.9476385901626878 0.019095445337363424 0.02979658430895533
8 0.15151847453855133 0.9446953973442802 0.036392033338636144 0.03927157825883114
7 0.19605881520532406 0.9441732225780495 0.02080339600572705 0.04230567466803521
7 0.2765366558720968 0.9438601260706496 0.025509077339272414 0.04389544574527378
1 0.1966728159611836 0.2871010659621911 0.03506589067472694 0.059574987899751616
3 0.2578899372613215 0.5320050206844554 0.07772720003181668 0.23481133723582168
3 0.30751667258118576 0.631519207354543 0.09342602005090672 0.3755181504675383
0 0.7403484485996394 0.4980906464605175 0.022202264003817973 0.028252265027114733
3 0.7166836819303214 0.5174855410743232 0.07205790802036276 0.15040906615858277
3 0.6674922039306395 0.5148554447633152 0.04080790802036276 0.15022725897699055
3 0.6403757205999575 0.49516511347942194 0.08971812269254435 0.19113406010845857
3 0.6850604172501857 0.6165270290722706 0.11824420671545219 0.3600385962128122
3 0.5275939099300032 0.5187293576256895 0.06913290268936265 0.16757838544042372
3 0.5171013052594124 0.5475765202916719 0.09344310669954385 0.24271474082661798
3 0.35680869525782166 0.5583635084860111 0.086121502705271 0.28485678903121964
4 0.016068253302046896 0.6126090843089554 0.03213650660409379 0.30334316861791083