4 0.6677979739527915 0.7085992234245413 0.06352721057599667 0.17728975334181776
3 0.8132609857584523 0.5501247467774949 0.08112377673457942 0.24780224801081766
3 0.9463684015476928 0.6352730007956304 0.08437604176169415 0.26971361067790856
3 0.41220352156821816 0.3243493033895429 0.06341812626704132 0.15853975334181775
3 0.3917092143866258 0.3553629460534521 0.0731294695529873 0.21646134134309047
3 0.37696948263519425 0.4716055640515431 0.1403078791939077 0.21568063868554468
3 0.26244844038252074 0.4148004860359529 0.0699226563212707 0.20236247867599957
3 0.10942291345154939 0.5302153060152721 0.0997737827847038 0.23083292401336308
0 0.39437567213395225 0.2999214680537703 0.02366475897699045 0.0393352200031817
3 0.4663859857584523 0.5460884907304061 0.053680553665551044 0.3646624840069997
3 0.48561777478967205 0.4634941667329516 0.09200673458010193 0.23855451734563574
3 0.5180525040070207 0.6631038154041786 0.07686352361132158 0.32118520401018136
1 0.17379604830279777 0.0746834686903171 0.036319295081343926 0.06604317067154523