6 0.6837968631848343 0.836675238979906 0.09391362646343318 0.028670421544777013
6 0.41280765231424993 0.8562211662802198 0.03764544574527395 0.025218168617910663
7 0.5972371944687277 0.8645235039088248 0.04406816256778665 0.054942030054229464
7 0.4738451462641257 0.8730541422761146 0.04564884328594587 0.058076120413308986
8 0.5354502667756306 0.8531638230924699 0.04238748789975162 0.03462043969514994
5 0.5528104835981432 0.8827513291425941 0.015770445745273955 0.02509090359079593
2 0.5239224143163025 0.8860445007855671 0.022038626463433176 0.028252265027114733
1 0.615461894417414 0.10267294370217042 0.041079517953980904 0.07836134933607006
4 0.9472038155694076 0.45387987793637113 0.0671339996072163 0.25975679508134386
4 0.39629634230398725 0.7039683198710159 0.07154878883482807 0.21290906615858277
4 0.2501596021647404 0.16026883772680098 0.059030608116668756 0.20971134328594587
3 0.7399594630118838 0.5527451456939602 0.07668171642972936 0.2894988372358217
3 0.7061339088553534 0.5130968384141721 0.12025899960721649 0.260065867290051
3 0.6017776860809124 0.4363575972929666 0.09360559601642038 0.24428633118569748
3 0.579012351771957 0.4177394074996211 0.06886012607064966 0.2878908854404235
3 0.3876959636010589 0.1657188861277946 0.06360902380771334 0.1909886143631847
3 0.40140043617910826 0.3726774132551577 0.12465560811666876 0.21009313836728988
3 0.38986855942108756 0.5391563861277946 0.09363286709365912 0.2489738311856975
3 0.28638449023744267 0.4780375998270494 0.07943401170746496 0.22545451795398092
3 0.2544850504440971 0.5008802021881815 0.12026808996629619 0.26162836729005096
3 0.06340501160926909 0.2894846808163551 0.07316583098930571 0.22229315651766238