4 0.7180379694547915 0.27630082036199527 0.10771354781181834 0.252180644417414
3 0.8155816317279904 0.5249605132785987 0.13588399960721667 0.2601567708808471
0 0.7681253696277419 0.5596127692305272 0.029951120413308985 0.0454852168225127
3 0.24721797198887416 0.5946756539835796 0.1643817043294809 0.3243828973442803
3 0.09272993900777862 0.495571054352922 0.10487943930236623 0.30216246369925487
6 0.6020201432390636 0.8809024828315859 0.09555793969514977 0.042742011903856535
6 0.3346372005188519 0.8488631842342006 0.0392352168225127 0.029914758976990186
7 0.3918366221618248 0.8774376361277947 0.0519170240041051 0.06123748184962743
7 0.5130167305730812 0.8915768832991242 0.05347952400410509 0.061246572208706954
8 0.4534962848278073 0.8669223169441498 0.05337953005422928 0.044059072208707306
5 0.46462013718893935 0.8988899344305924 0.02677157825883114 0.0360920361043533
2 0.4380576371889394 0.8990444705349458 0.03457498789975162 0.03457498789975162