7 0.278125 0.937444416083828 0.021875 0.04075226502711473
7 0.2015625 0.9378898436787292 0.021875 0.04075226502711473
5 0.125 0.9375540212736306 0.01875 0.028234084308955333
2 0.1015625 0.9376903766598248 0.021875 0.03293976502711473
8 0.15625 0.9373722140920382 0.0375 0.031468168617910665
0 0.546875 0.20228712432213375 0.0125 0.023510222872636887
3 0.5453125 0.29135871468121344 0.034375 0.17207498789975162
3 0.5703125 0.3412132689359395 0.0515625 0.19092498184962742
3 0.75546875 0.33310481138500486 0.034375 0.15488748789975162
1 0.7390625 0.2660127601553408 0.03125 0.0626818071815924
3 0.709375 0.5919667269778536 0.034375 0.22676248789975162
3 0.72265625 0.7340769589256768 0.065625 0.2878817950813438
4 0.63984375 0.8244024979568966 0.053125 0.25812157220870696
3 0.39921875 0.7445524132551578 0.059375 0.2597204336450254
3 0.4546875 0.5871984555078312 0.034375 0.2439499878997516
3 0.44453125 0.46460129284184876 0.0609375 0.2222295240041051
3 0.2953125 0.48968817213395227 0.05 0.22216589149054772
3 0.3203125 0.5457927263886784 0.04375 0.22369203005422927
3 0.1328125 0.5570398194782324 0.046875 0.2221477107723885
4 0.025 0.35532330425472614 0.046875 0.1940227107723885