6 0.3670866070365143 0.92265625 0.09862839754067201 0.0328125
7 0.4609002395500716 0.93359375 0.048773843285945875 0.0578125
8 0.5224871793434172 0.9109375 0.05178066861791084 0.0375
2 0.5390797817045494 0.94296875 0.029832945745273776 0.025
5 0.5109684172431688 0.9453125 0.023601126463433174 0.028125
7 0.5889434263183551 0.91953125 0.05506020472226432 0.0640625
6 0.648154799854922 0.89140625 0.040788626463433175 0.028125
0 0.5320454064194665 0.13671875 0.02677157825883114 0.0359375
1 0.541720388269094 0.18828125 0.050472698672140125 0.08125
3 0.5402356772021178 0.3359375 0.12720895725634698 0.3796875
3 0.5405311138722053 0.38671875 0.12570099941082483 0.3890625
4 0.6658533007386847 0.3078125 0.07808058996629619 0.2609375
3 0.4911901649054776 0.5 0.08927262002052547 0.3046875
4 0.550729833130605 0.796875 0.0724931444174139 0.10625
3 0.3195838513791735 0.68046875 0.1017908007386847 0.3078125
3 0.20669244505790285 0.47890625 0.1312964935570923 0.2765625
3 0.3449686289975159 0.34375 0.11099308391617191 0.278125
3 0.41431002321853816 0.5796875 0.09402375253408284 0.315625
3 0.18678342427525157 0.2796875 0.10467036104353503 0.265625