6 0.6515625 0.92421875 0.096875 0.0265625
6 0.3671875 0.9125 0.0390625 0.025
7 0.5578125 0.9421875 0.04375 0.05625
7 0.42890625 0.9375 0.0453125 0.0578125
8 0.4953125 0.9234375 0.0421875 0.034375
5 0.51015625 0.9578125 0.021875 0.03125
2 0.4796875 0.95625 0.021875 0.028125
0 0.49921875 0.40546875 0.021875 0.0375
3 0.53828125 0.43828125 0.06875 0.240625
4 0.840625 0.25703125 0.084375 0.21875
4 0.028125 0.7953125 0.05625 0.259375
3 0.44296875 0.2546875 0.0515625 0.215625
3 0.58125 0.6140625 0.1109375 0.2828125
3 0.51875 0.6859375 0.1140625 0.278125
3 0.684375 0.46171875 0.1265625 0.2546875
3 0.7859375 0.4578125 0.0734375 0.253125
3 0.89765625 0.6046875 0.075 0.275
3 0.30625 0.43359375 0.0796875 0.23125