8 0.90328665678704 0.8971093821212218 0.044204533338636054 0.03957157733927232
7 0.8557031321212218 0.9028048514480856 0.03330339600572714 0.04256930800445424
7 0.7793042641231307 0.9159764661043589 0.03490225867281786 0.04571248933799978
2 0.956275296785449 0.8860087974617669 0.026944308004454597 0.03312158267027243
5 0.9344821127864037 0.8927855087921305 0.02699885200509087 0.03780908267027243
4 0.5275781321212217 0.8956777686982713 0.10561584269572588 0.20864446260345737
3 0.29977984878258557 0.8551789433481811 0.14558740937299816 0.28964211330363765
0 0.28238797537395266 0.3024641180378619 0.027035214672181597 0.04093408267027261
1 0.2979402500397709 0.2963959313733163 0.04934656667727229 0.07868862133990877
4 0.24540669072245197 0.4137374253659985 0.07412948535963508 0.19458634134309047
3 0.795960674053134 0.4006150954407678 0.0856487880330894 0.24471361067790856
3 0.780837302752996 0.6449372601049952 0.11261127737108936 0.27939769334818115
3 0.3572441667329515 0.4923720500477251 0.1275283000477251 0.35299882535009014
3 0.32748394139876974 0.4857766047103616 0.11975216271481592 0.356032918682363
3 0.3644588720957683 0.7096140940483614 0.12563853604390704 0.3248556440165446