3 0.1884599318965096 0.775 0.1306430294650541 0.4328125
3 0.23262302235378512 0.83828125 0.061165800738684696 0.3078125
3 0.31694854625969426 0.7125 0.23299639070498088 0.56875
3 0.36847013964383607 0.71953125 0.32045093890958276 0.5609375
3 0.7024678897420319 0.784375 0.18844643910597442 0.43125
3 0.7598395073266705 0.86015625 0.07193967427525153 0.2796875
7 0.49490939891541413 0.875 0.03944429508134384 0.065625
7 0.4347758748131131 0.87109375 0.033167024004105095 0.0609375
2 0.4882463084581386 0.81171875 0.09550339754067191 0.0328125
8 0.4116883536376784 0.8109375 0.03612839754067192 0.0328125
1 0.10892502722555893 0.07734375 0.12277494554888216 0.1546875
1 0.5955866306668456 0.75859375 0.020557939695149584 0.0421875
0 0.2678201789696434 0.83125 0.07897040339440445 0.1453125