4 0.12957945745273883 0.2507454094445286 0.04792948165323567 0.18152271077238852
3 0.2868839391059745 0.43290444535249045 0.09812946955298721 0.21618860226293624
3 0.24904409240218306 0.6428334363755 0.08736468637549999 0.24581246974937904
3 0.26412262909571177 0.2804334303253758 0.08701016237139489 0.18487496974937895
3 0.7246748305965223 0.4854497458947834 0.07629992134838534 0.2238738372358217
4 0.4059940500513136 0.7640549722834618 0.06659766842151918 0.16756929508134402
0 0.6900498457218328 0.44228100799503184 0.015779536104353474 0.026653403590796286
3 0.40820546896381205 0.607041903001621 0.0670521863754999 0.24569429508134383
3 0.32793514422102227 0.23783738504764013 0.07761698165323568 0.1816954275949012
3 0.6064783007386847 0.31133046896381206 0.08067834913967839 0.1707761083130605
3 0.44564131556940756 0.4619521167990716 0.049546523807713426 0.1909068011314682
4 0.7460084333504379 0.2582378061014378 0.06342721662612102 0.1597386143631847
1 0.85798119252382 0.16826731195517033 0.033148843285945875 0.058003397540671964
6 0.33266161006157635 0.9159669302271798 0.04864657825883123 0.036219301131468026
6 0.47876899560019587 0.9191606288011241 0.053352258976990544 0.03937157220870695
7 0.40688945042065594 0.9179612222834617 0.07053975897699054 0.03947156615858276
7 0.5529786552411162 0.9180299208574059 0.06741475897699037 0.03945338544042372
2 0.6256258148820366 0.9168901225546083 0.029887487899751618 0.03454771682251305
8 0.6951616100615764 0.9180758935336513 0.048655668617910666 0.03778180113146803