4 0.1259251331027325 0.3773795905554713 0.06382719242562418 0.2284886143631847
0 0.38700755796715924 0.48523195540963543 0.023664758976990365 0.039198855386194255
3 0.4769149404807166 0.47377175976255737 0.06234650565734086 0.2425420240041051
3 0.26203326640185676 0.8843830485973854 0.1544521924256242 0.22901585518980241
3 0.8124372665000527 0.94602244702182 0.11151019262201593 0.09908291549465283
3 0.8689281610156625 0.9042889440949539 0.13230448165323558 0.18201359016268803
3 0.9454387232654204 0.24136624239775167 0.05119992739850972 0.20654089149054772
3 0.8531557744950845 0.2583088235834491 0.04480448165323594 0.18150453005422928
3 0.5974057442444634 0.17386214247250642 0.03853630093507636 0.17834316861791083
4 0.9786102924490653 0.1794565948570797 0.04161584913967857 0.17054884933607006
3 0.6523143953993726 0.5383740943661003 0.07667262607064966 0.2879363372358217
3 0.4164677989901689 0.5241217385871226 0.09208854781181834 0.2520897408266178