3 0.4140043387571322 0.6640427566392993 0.10388971069381689 0.20059087334017517
3 0.6152924767265882 0.4378564647794093 0.0700601507001803 0.24726588544042355
0 0.6430094914067238 0.5369206786750558 0.022329533338636055 0.03918976502711473
3 0.6515026967297699 0.46108488652057805 0.05903174403245295 0.23938975292686618
3 0.5710890380728603 0.5334325851927182 0.0871749253659985 0.24111587939029935
4 0.08219980808399614 0.6183136627641783 0.0452783267027256 0.26587043969514956
7 0.26418834146240316 0.949308611829102 0.02549089600572705 0.04233294574527378
7 0.18447356946208499 0.9474284701421624 0.02549089600572705 0.04233294574527378
8 0.1383434567949941 0.9445716357350111 0.03948067067154524 0.03616475897699054
5 0.10709345679499412 0.9447534429166036 0.022238626670908878 0.03137726502711473
2 0.08207527546144866 0.9433363886618775 0.02538180800445433 0.032957945745273776