4 0.23801597863622867 0.22281883470173885 0.055524936027998704 0.20655907220870695
0 0.6397415632956835 0.2736030672387373 0.02231135200509051 0.037627265027114734
4 0.8114961952578217 0.55149119702182 0.08553970003181668 0.23485678903121965
3 0.6064007099379574 0.4534723744203296 0.06529992536599849 0.2409886143631848
3 0.645561565245095 0.6462002299047198 0.05632491470399827 0.27530907220870693
3 0.570070669239368 0.6888240671405415 0.06559082670272556 0.26598861436318477
3 0.30522691923936796 0.6903648830045367 0.07511127737108918 0.2785431565176625
3 0.21358704861554784 0.37529439490839334 0.04960220003181668 0.2346477107723885
3 0.11643768658500375 0.6008443616327102 0.0655908267027256 0.26598861436318477
4 0.03675708788195998 0.8692585392276115 0.061193133354544474 0.1565954336450254
3 0.6463455519573655 0.31028091062287905 0.109559002705271 0.28499314441741397
1 0.6225637013049103 0.2057388563681529 0.044549978675999566 0.06900453005422928
6 0.2732667525461873 0.8858500998270493 0.10347044533736352 0.030287463699254856
6 0.5646911838797328 0.8825922478587007 0.04098862667090888 0.031486349336070064
7 0.3674980105426875 0.9110813831027326 0.050727253341817755 0.06279089149054755
7 0.49880255454332384 0.9056302929400445 0.053888616008908666 0.06593407220870731
8 0.43256902721200563 0.8911728832009285 0.05356135200509069 0.03780907220870731
5 0.4165531285407786 0.9248575367917246 0.02538180800445424 0.032957945745273776
2 0.44701278787400583 0.9254615247896719 0.031613626670908876 0.03143180718159257