2 0.11740931478384069 0.9774750393258074 0.02204771682251274 0.02981476502711473
5 0.1408604503224601 0.9796824339396132 0.018904536104353477 0.026671584308955686
8 0.17443601960430088 0.9763619912194013 0.029887487899751576 0.034547716822512696
7 0.21896726960430088 0.976102915985632 0.02208407825883123 0.03606476502711473
7 0.3017843147838407 0.9764023769544125 0.02521816861791084 0.03764544574527377
3 0.8027241251868868 0.8664531216898551 0.09368740924813679 0.2583488311856975
3 0.7197287762436003 0.5669258203619953 0.06896921037960517 0.30664088544042356
3 0.6955327521412993 0.5709729709277294 0.08163283684303817 0.3348386083130606
3 0.7691066075274936 0.5939832240509872 0.09551352966144577 0.303670421544777
3 0.6415128726528041 0.5517553383159761 0.08925443930236625 0.3020715601084586
3 0.5287048422057913 0.7680439345287884 0.08977258976990435 0.3911340601084586
3 0.3399008965587133 0.6792955727978821 0.10024648145684392 0.31151019262201596
3 0.2282270774732643 0.553378488292535 0.07044080678880889 0.29102497579950326
3 0.1361769746211528 0.8461114098373121 0.12828057786604777 0.2960488190854491
4 0.71127943022718 0.32321672697785353 0.046666963502863014 0.23307612041330888
4 0.6646974052411162 0.9110076184684013 0.0791158491396784 0.17076701795398072
1 0.678889111043535 0.2616843293389857 0.04429542154477702 0.09400453005422929
0 0.6756777526322787 0.24685876005714497 0.01896816861791084 0.037609084308955334