4 0.7503432559675469 0.2390625 0.09360673870145284 0.25625
3 0.14546430462286564 0.32265625 0.14524196403563475 0.2625
3 0.13443206655795953 0.80078125 0.1437158267027256 0.265625
3 0.25192229527373 0.4390625 0.09891240404199805 0.309375
3 0.5965439045990031 0.4984375 0.13321467870781625 0.303125
3 0.8095086232893202 0.32421875 0.08314195337363443 0.296875
3 0.6890115732415951 0.67578125 0.13334194804263433 0.3140625
0 0.7859609406031393 0.46796875 0.02231135200509051 0.0375
6 0.6603945825509598 0.85234375 0.0924602200031817 0.0234375
6 0.3914900412158236 0.865625 0.03624658267027261 0.0265625
8 0.5133650412158236 0.865625 0.039426126670908876 0.03125
5 0.5302070958784602 0.8953125 0.020621582670272608 0.0265625
2 0.5020548238781419 0.89765625 0.028415901336727244 0.025
7 0.57337584054746 0.878125 0.047511346674090585 0.0546875
7 0.45144629654682367 0.8828125 0.047511346674090585 0.0546875
1 0.8849375266550006 0.0859375 0.05112724267981754 0.096875