2 0.9630826819947055 0.8454752274498233 0.02676248789975162 0.034529536104353296
5 0.9411667753788471 0.8523792124227085 0.022047716822513053 0.02981476502711473
8 0.9091082543016084 0.8568803600615764 0.03462043969514959 0.04238748789975162
7 0.8676520073266705 0.8652332155459664 0.02837953005422946 0.04391362646343282
7 0.7917798537358742 0.880417333130605 0.033076120413308985 0.0455033975406721
3 0.7515149646812134 0.5497031434354553 0.15028284289316254 0.31805108411256366
3 0.6711967264868741 0.3890741947633153 0.10932149960721667 0.2600022347764936
3 0.6523421873574586 0.40693386045435986 0.12824421642972936 0.2897988190854489
3 0.6107899707313376 0.5660725111182898 0.14669423458010195 0.23834540339440444
3 0.6790945431364364 0.6430349869177929 0.1361930718159236 0.3132817708808471
3 0.28338206733693316 0.7094851260706496 0.14219763212077385 0.2711306323171655
3 0.22315257358344912 0.8551283824153615 0.15481580678880888 0.28974323516927714
3 0.11379679606330258 0.5834942769309712 0.1562146803253758 0.2633999455488823
3 0.17767800976255735 0.4807374364736958 0.132795361043535 0.26638859016268784
0 0.577300238979906 0.6822878635776177 0.029932939695149586 0.042360216822512696
1 0.6432404190106944 0.22562477312034232 0.061437469749379046 0.0862920240041051