3 0.2744914607723885 0.046875 0.09585792154477701 0.09375
3 0.3253823159621911 0.2 0.08272263817089805 0.253125
3 0.1434384661351417 0.48359375 0.10294423458010189 0.2375
3 0.20919982152133593 0.50703125 0.11882376463433122 0.28125
3 0.27573840260883753 0.6640625 0.18141466822512733 0.296875
3 0.5484850353187867 0.5453125 0.10595105991206673 0.2171875
3 0.5096730410743232 0.72265625 0.1341578731437835 0.23125
3 0.7027877577004442 0.88203125 0.15576016237139498 0.184375
3 0.7506545058537325 0.1125 0.08543857201231511 0.1828125
4 0.9368278343089553 0.0953125 0.12634433138208934 0.115625
1 0.4350230198988885 0.7828125 0.12932492739850954 0.20625
0 0.513932773316734 0.51484375 0.03470225292686635 0.05625