4 0.3710284733052286 0.20485865417997137 0.0695874360279987 0.20664088544042353
3 0.07938312925686716 0.5627812802506209 0.10005673337045284 0.2740011022629364
6 0.32157698321136924 0.8965057986955813 0.10201703333863614 0.03965337334017534
7 0.4102758565404603 0.927237648228043 0.03671929734245403 0.06739657825883114
8 0.476009944541733 0.917480853146699 0.0582852146721816 0.040961343285945875
5 0.4553338178708241 0.9488490278147342 0.02694430800445442 0.032967036104353295
2 0.484994045870506 0.9510200609922215 0.03163180800445424 0.032994307181592575
7 0.5390093838717787 0.9413314436039746 0.03508407200827239 0.06113748789975162
6 0.6024906285407786 0.92377578406125 0.03940794533736351 0.02991475897699054
1 0.7707466626352742 0.22675027225558925 0.04776588534372692 0.0768352107723885
4 0.5776553552275958 0.7754928201656035 0.08344994135899882 0.18953519867214014
0 0.23106599729472901 0.28301144613805734 0.0255090773392725 0.04389544574527386
3 0.8537365972310955 0.748107121788051 0.1154635573679073 0.25534200585373235
3 0.6540376839195037 0.5891235281093217 0.08702947469763486 0.22861587939029934
3 0.6334813779440026 0.40878658831597614 0.0713135680299077 0.22071247579950323
3 0.5972075232734119 0.43790191657480737 0.06682606269890759 0.23787270472226432
3 0.3827824912874112 0.33603138612779465 0.08354084802672598 0.19734769867214014
3 0.37239787993318496 0.4899876331027325 0.10140105736790747 0.25526019262201594
3 0.4087711845958214 0.5194615096643614 0.11542719470081657 0.2522170058537325
3 0.2876245326225475 0.3233046480316513 0.0995476560311804 0.23025110226293632
3 0.31873653059359425 0.5363904553114395 0.07821809603754373 0.2769988372358217