7 0.2764297907797356 0.9171875 0.034629530054229286 0.04375
5 0.12011161308663847 0.90546875 0.020494307181592352 0.03125
2 0.09510706790709866 0.9046875 0.022056807181592353 0.03125
8 0.15215649862525787 0.9078125 0.03144998789975162 0.034375
7 0.19436217934341715 0.9109375 0.033057939695149675 0.0421875
4 0.17919117641655088 0.8546875 0.07161242134838534 0.2234375
4 0.9889271863754999 0.596875 0.0221456272490002 0.2125
3 0.9390241977883772 0.66484375 0.06709763817089823 0.253125
3 0.8174941105525557 0.58984375 0.06063855991206672 0.2171875
3 0.670581707354543 0.31484375 0.047784035907961805 0.15625
4 0.4666300055591449 0.30703125 0.03833631303532492 0.14375
3 0.6475850897699045 0.390625 0.041734023807713426 0.190625
1 0.7845623941228265 0.30078125 0.034720433645025396 0.059375
3 0.6654230713249442 0.63671875 0.06061128883482816 0.2125
3 0.5802309807694729 0.76484375 0.09217945140261463 0.2671875
3 0.25547940300162103 0.4046875 0.052498806985200555 0.1609375
3 0.3752333667990716 0.44296875 0.05105448165323558 0.18125
3 0.2993208274732643 0.5546875 0.06365447560311148 0.1984375
0 0.16375603219552862 0.61875 0.018913626463433086 0.028125
3 0.14013672501393626 0.5875 0.07304765632127071 0.2015625