8 0.21912359786764246 0.972318253302047 0.042605670671545234 0.036428396005727136
7 0.2645270045353697 0.9639784946292291 0.031722714672181594 0.040988626670908704
2 0.1659440538670061 0.977623918642592 0.025363626670908877 0.031540901336727246
5 0.1886003038670061 0.9773602893061831 0.02385567067154524 0.036210220003181706
7 0.3404537052037332 0.9505966999522748 0.0301965773392725 0.044095445337363516
3 0.8741041885741861 0.6709866372135964 0.09148061736154389 0.2088488360120902
3 0.6685916272676848 0.4757485045751405 0.10094652402927125 0.21677042401336308
1 0.6289586046308198 0.2567081505808676 0.039807934675363296 0.06451703333863615
4 0.6354535052912291 0.30272008457991306 0.05034654002227157 0.16462612133990878
3 0.6081177512730938 0.4366138265834129 0.09011811203054414 0.22601815467854483
3 0.5593166246021848 0.4684274479233217 0.06973288669636232 0.2195317973424542
3 0.5221615225970941 0.5063547092616396 0.07269425469445316 0.20550566000954512
3 0.5017570212444586 0.648760385264185 0.09467834269572588 0.21513519867918127
3 0.47491216323205004 0.7404666272676849 0.09164424936345306 0.22291133601209018
4 0.6762746685630503 0.7553087352403225 0.0804885733609078 0.2040340666772721
3 0.2814734352721392 0.44744497529441085 0.06311926002545336 0.1882090720082724
3 0.23616093527213916 0.44797223396722874 0.08363175469445325 0.2056329293443632
4 0.07563251527691169 0.41468866132240956 0.09264312802354438 0.17449201734563574
4 0.1188899772438223 0.6579023119828189 0.09175333736472582 0.23228633601209037