4 0.5578125 0.8385219860757239 0.1015625 0.2996192866804542
4 0.75390625 0.33142874343567713 0.084375 0.21348179201145392
0 0.52734375 0.3147299500715876 0.01875 0.03303067600254535
4 0.121875 0.2225118940165447 0.0828125 0.22283861067790856
3 0.09375 0.5182783800127266 0.109375 0.2887726933481812
3 0.2078125 0.48054311736154415 0.1140625 0.27476473734881746
3 0.31015625 0.4856402447087708 0.09375 0.2714033800127266
3 0.378125 0.43955613271799765 0.0921875 0.26357269867918126
3 0.5125 0.26924472740290584 0.0828125 0.2790886106779086
3 0.5234375 0.294371996737724 0.05625 0.14596702800763595
3 0.50078125 0.26910836740131505 0.11875 0.3341942813494538
3 0.421875 0.5377214600572702 0.1203125 0.29202496268299927
3 0.5578125 0.5283657360757238 0.16875 0.278526084022908
3 0.834375 0.8237713321132676 0.1421875 0.3157170013526354
1 0.7234375 0.23498045743154092 0.05 0.08026930267345422
6 0.09453125 0.7854749706794995 0.0515625 0.04278748400699968
6 0.0875 0.833049404678545 0.05 0.04276930267345449
7 0.03828125 0.7754454426718633 0.03125 0.04098862667090888
7 0.03046875 0.8253545360041361 0.0296875 0.042532945337363515