8 0.22607124247693783 0.98984375 0.04386817466803503 0.0203125
7 0.27057976657923877 0.9859375 0.042351126463433086 0.028125
7 0.3509985196043009 0.97734375 0.0440136204133089 0.0453125
0 0.5106214209556018 0.4828125 0.028370439695149584 0.0421875
4 0.7843260447867564 0.26015625 0.0965669695529872 0.215625
4 0.241889080792914 0.3515625 0.0857385538619427 0.234375
4 0.5731866161117006 0.896875 0.08397606596219091 0.2
3 0.30630766743956045 0.815625 0.11717036104353502 0.265625
3 0.4120804235878805 0.73359375 0.15965784289316237 0.3171875
3 0.4721094085607659 0.71171875 0.11580784894328655 0.3
3 0.32742764675510505 0.5515625 0.1296612706844554 0.2640625
3 0.4358294574527388 0.25 0.0872737827847038 0.2296875
3 0.434762382022578 0.33515625 0.11074764422102223 0.2359375
3 0.446508923980664 0.47421875 0.1123737767345796 0.246875
3 0.5145049450579029 0.47890625 0.11214651775758924 0.2078125
3 0.7351537883438487 0.53671875 0.125055583916172 0.278125
3 0.9063929840891227 0.56171875 0.13457602966144577 0.303125