2 0.9634685013747422 0.9021764773706369 0.02519998789975162 0.03452044574527378
5 0.9407849802975032 0.9069957875772914 0.022056807181592576 0.03137726502711473
8 0.9079679351179635 0.9079679351179635 0.040879530054229465 0.04398634933607006
7 0.8641861188611848 0.9136912151721927 0.025254530054229462 0.04389544574527378
7 0.7852162363476275 0.9250877783057134 0.029951120413308985 0.0454852168225127
0 0.26676271477940927 0.6085836178792261 0.017360216822512698 0.029787493949875808
4 0.11704854020957009 0.6946079971713297 0.07942492134838534 0.2238920179539809
4 0.6386548537358743 0.8720360220591974 0.10913060206654457 0.22718973477649343
1 0.29411205172064336 0.33890237695441244 0.036310204722264317 0.06427157825883123
3 0.34563312422393794 0.48000409992524523 0.0838942527304745 0.18641928903121982
3 0.389524024789672 0.45553081987101596 0.09650333703942984 0.2052420119038567
3 0.3090683894474443 0.5880256781840765 0.08881810206654457 0.22707156010845858
3 0.45408142847866406 0.5043723199692118 0.07948855386194272 0.2348295179539809
3 0.5026598290443982 0.4798717688377437 0.07619992739850953 0.2066863372358217
3 0.5795036092950191 0.5653592960633026 0.062191969552987204 0.21597952400410508
3 0.7456700065411035 0.3370565131804029 0.0869192587805987 0.16924996974937906
3 0.913584214386626 0.34545429957934404 0.06981357201231546 0.18321247579950314
3 0.35699630845813857 0.8096143318730686 0.11378174063022613 0.2209670058537327