3 0.3340522922526736 0.05546875 0.11002041549465283 0.1109375
3 0.36513814490839336 0.21796875 0.10304422852997774 0.2546875
3 0.15578028386485832 0.48359375 0.12172150565734077 0.2421875
3 0.21888881704234558 0.51328125 0.14071694535249044 0.284375
3 0.2702871696980653 0.67578125 0.2033442103796051 0.30625
3 0.5528638412428425 0.58203125 0.12316583098930564 0.221875
3 0.4971718565645446 0.7546875 0.15138173458010193 0.2375
3 0.6727935043998042 0.91640625 0.16972266842151917 0.1671875
3 0.8006670996306576 0.15390625 0.10593287919390768 0.2140625
4 0.9584886899897374 0.15234375 0.08213176483072289 0.1515625
1 0.4163985795353774 0.80703125 0.14498628883482798 0.2125
0 0.521813829142594 0.54765625 0.039398843285945874 0.0578125