7 0.38183670629339816 0.9711830909482547 0.029951120413308985 0.04548521682251305
7 0.30599636895938065 0.9817802233636164 0.029878397540671918 0.032985216822512695
5 0.2293702364458233 0.9931631509585175 0.023501132513557364 0.011073855386194254
2 0.2074861460867437 0.9948529159856321 0.029732951795398144 0.007985216822513052
8 0.259870802702602 0.9875171389564649 0.04387726502711464 0.022129530054229463
1 0.706430765419898 0.23338206733693317 0.040961343285945875 0.05804884933607006
3 0.6061489642884299 0.2824013503180287 0.06483518052176755 0.1331852047222643
4 0.8616899162802198 0.4027855314289714 0.08397606596219091 0.20048178903121983
4 0.7831093565645446 0.7501059590238727 0.09504083098930564 0.222420421544777
4 0.17255014822804302 0.42007562978308277 0.0587124455488822 0.15502384328594587
3 0.2510746031466991 0.4852415666495621 0.08542948165323558 0.18174087939029934
3 0.3569428080653551 0.5502484222321481 0.09961015632127071 0.20213519262201593
3 0.3818700851927182 0.5626029764868742 0.07772606596219109 0.2004454275949012
3 0.5039950700674076 0.518925178478664 0.09183401775758923 0.2083397408266178
3 0.43489911554153515 0.7130706090986274 0.1153351502711466 0.21941359621281203
3 0.37385253123257967 0.7321751331027325 0.13434877068445542 0.2648351805217676
0 0.3156587570320829 0.6637660215682182 0.02363748789975162 0.03451135538619425
3 0.9525729497522946 0.626467950243274 0.08883628278470397 0.23019656010845857
3 0.8012740701656036 0.5820372150739969 0.09506810206654456 0.22710792154477702
3 0.6524285457687149 0.38447238954564017 0.06669766237139499 0.18475679508134402