4 0.32810988856623186 0.7418027223816577 0.05439769334818116 0.10968407220870695
4 0.9558183599220491 0.5798184111930446 0.04367946403563465 0.26273634933607004
1 0.6973278913112738 0.16656793568812894 0.04460452267663584 0.07369203005422928
0 0.7078108579726375 0.20569406820168626 0.019168170671545325 0.03604658430895542
3 0.709190449952275 0.3557122489198455 0.07056922803945262 0.29101588544042356
3 0.6390501252785026 0.4076514779408025 0.0497476507001803 0.2471477107723885
3 0.413514323281366 0.38524417105379777 0.06675333736472577 0.23162270472226432
3 0.5836648333068194 0.19872138465485664 0.057160161362180516 0.21281816256778666
3 0.342066584619684 0.34810726453613533 0.09337038136536213 0.2364647408266179
4 0.3008250613065012 0.19941977966144583 0.04616811736154416 0.20806703005422933
3 0.38209050592777605 0.534290204231285 0.05639764003818008 0.28155907220870696
3 0.6694274212683211 0.4828332851223949 0.04360673870145284 0.25648634933607006
3 0.5057734539306395 0.5139145925985747 0.07825445870463454 0.2801238372358217
3 0.7526206345878672 0.5848866645126942 0.046659013367271206 0.25025453005422926
3 0.7789098672422314 0.6756707457965876 0.10312718936981646 0.26933178298109545
7 0.44070879121582357 0.8682475685944698 0.03194089067472685 0.05955680718159258
7 0.5610303818825964 0.8681662762436002 0.02561816534054522 0.05327044574527377
6 0.3542082172183689 0.848993053665551 0.09720226400381797 0.02868860226293606
6 0.6222042392186872 0.8482083002477054 0.03466590133672724 0.02519998789975162
8 0.5010286732177326 0.854535047419035 0.05039998933799979 0.034665891490547905
5 0.4858122058800509 0.8864799390077787 0.02538180800445424 0.032957945745273776
2 0.5139462965468237 0.8858623154712116 0.022202264003817973 0.028252265027114733