2 0.864581548536006 0.9625 0.025399989337999786 0.034375
5 0.840362798536006 0.9625 0.0222386266709087 0.03125
8 0.8083951832034151 0.95703125 0.041134077339272324 0.04375
7 0.7631281365372786 0.953125 0.03955339600572696 0.0421875
7 0.6803974525382331 0.94609375 0.041170440006363405 0.046875
1 0.3569205199713649 0.2109375 0.0429329346753633 0.0640625
4 0.24682680995386574 0.33984375 0.061756754694453256 0.2046875
4 0.7101813326305016 0.26640625 0.058140858688726205 0.1625
4 0.6777638958864143 0.83671875 0.06887836401972632 0.1453125
0 0.7251234379376392 0.459375 0.019131808004454243 0.0328125
3 0.7048745726050483 0.45390625 0.10685107869190791 0.1859375
3 0.6717626279440025 0.4125 0.09351583203372567 0.2484375
3 0.7020137492839114 0.3640625 0.05218176002545345 0.1875
3 0.7818921532861385 0.34765625 0.05527039735836255 0.184375
3 0.7972871499045497 0.703125 0.09518742003499839 0.2578125
3 0.6511854039226854 0.56953125 0.06991470003181668 0.234375
3 0.43252740527532085 0.42734375 0.0963499306969986 0.2234375
3 0.326104135264185 0.509375 0.07452947469763496 0.228125
3 0.2726615092695938 0.46953125 0.06217492536599849 0.240625
3 0.08293429591027686 0.6609375 0.09678628270208929 0.2609375