4 0.8670351480346803 0.26552302745063094 0.052199941358998816 0.18964430267345422
3 0.9735595100652243 0.491732086131403 0.049384024029271244 0.2161704400063634
3 0.5933720233927244 0.44434527207986 0.06660788669636233 0.2194954346753633
3 0.44945674936345315 0.22707486139399718 0.04093517735518084 0.16139203333863614
3 0.25929756273867854 0.533414126034362 0.07436584269572588 0.21489884134309048
4 0.36492249610117716 0.7494578440483615 0.04912948535963517 0.1942954400063634
3 0.08952195942072325 0.6447045200111358 0.0760374306969986 0.22429202267663584
0 0.32793628536758934 0.2561254673774525 0.015952264003817974 0.02830681333545453
3 0.3609953280553611 0.4119578440483614 0.07725448535963517 0.1946227040101814
3 0.3691805453930427 0.44408000071608866 0.060085166693180626 0.1959852093411815
3 0.37307715738381586 0.376165794716725 0.05717834269572597 0.2146988466740906
3 0.3635470687062255 0.29559704738222503 0.033903380012726636 0.09413180800445434
3 0.334949901376498 0.3218231927116343 0.04776698002863507 0.21146475867281786
4 0.2703146893698165 0.27185900803627105 0.044260172024180734 0.17861589600572705
1 0.35841357869190793 0.19008284404836143 0.03492044000636341 0.047274989337999784
6 0.6680764101288578 0.9568640007558595 0.05199885200509069 0.038099984006999675
6 0.5157417507956304 0.9558725707351787 0.056722714672181596 0.04127952800763594
7 0.5899514101288578 0.9559549340785873 0.0723477146721816 0.0414613413430903
7 0.437598569462085 0.9534010040579064 0.0707852146721816 0.04144316000954511
2 0.37039288812853954 0.9510567067154522 0.03166817067154515 0.0363011266709087
8 0.2985178881285395 0.9502203653723619 0.05045453333863605 0.03964430267345449
5 0.23053095679499408 0.947866977363135 0.031722714672181594 0.040988626670908704