2 0.1715531912662835 0.9957897438516798 0.026617042154477667 0.008420512296640226
5 0.19577194126628353 0.9958670119038567 0.02192954215447771 0.008265976192286573
8 0.2270628478821418 0.9888993944174139 0.040761355386194256 0.022201211165172197
7 0.27004977860030105 0.9859016594445287 0.0392352168225127 0.028196681110942735
7 0.3489923900366195 0.9798789184215192 0.040870439695149675 0.04024216315696165
0 0.5361263140172834 0.5078236738824681 0.026798849336070064 0.040779536104353475
4 0.8185580606976337 0.3063349385167993 0.08403060811666876 0.20985678903121965
4 0.2822660366935287 0.3641544453524904 0.0716487827847038 0.23009656615858276
4 0.5705133869133615 0.9088185473208391 0.06979539129415606 0.18008747579950324
3 0.31710710666274056 0.8214038639704013 0.10149990924813697 0.25839428298109546
3 0.4245701487190224 0.7478078035673551 0.1424158007386847 0.30863063231716553
3 0.4840587782075175 0.7286219872123805 0.0985748971478884 0.29275110226293644
3 0.35375872073133763 0.5645771470496926 0.11399081888905727 0.25690450585373253
3 0.47809214198152716 0.2770094902374426 0.07318401170746505 0.22541815651766245
3 0.4713603529503073 0.3597856288011242 0.09821128278470379 0.23025110226293624
3 0.47447574171038054 0.49574585469882326 0.09827491529826098 0.24118860226293623
3 0.5408410850945223 0.5031634449597069 0.09961015632127079 0.20213519262201593
3 0.7529411092950191 0.573149733794535 0.10938513212077403 0.2709397347764936
3 0.9183706665748073 0.6077070618569744 0.11734307786604745 0.29598518657189177