4 0.31495633772680093 0.2529004700429526 0.06208288524403187 0.19758407200827238
0 0.6903285215682182 0.32758558076063204 0.02208407825883114 0.03619203866963625
4 0.8410996394474444 0.599670760781313 0.09036242134838517 0.22447383601209037
3 0.651860398326239 0.49355547875554134 0.0716396924256241 0.22894316000954512
3 0.6804752359548439 0.6782759240929048 0.06558058996629619 0.2616829346753633
3 0.6068286576960128 0.7133589014162689 0.07334763817089804 0.2539613413430903
3 0.35846842574818955 0.6971868193825431 0.08279536104353502 0.2665704293443632
3 0.2860041150505558 0.3947607060391346 0.055978330989305734 0.2225113466740906
3 0.1847996424725064 0.6006283506922261 0.07334763817089804 0.25396134134309045
3 0.03596827449508441 0.6668426020050907 0.07193654899016882 0.2805602040101814
3 0.01080062373295861 0.43294886000159083 0.02160124746591722 0.2346477200031817
4 0.098202570558387 0.8472937180139993 0.0633726744716433 0.15072725334181775
3 0.6963785336684666 0.3620333060948139 0.11564422247985355 0.27320223734881743
1 0.6782057714700223 0.2625963800922685 0.044140885440423716 0.0676965773392725
6 0.32068610373587425 0.8795720580442253 0.09862839754067192 0.03395792401336308
6 0.5932696308632373 0.8952447007479053 0.03924430718159222 0.03170453333863606
7 0.40724122727244116 0.9087061220559974 0.048782933645025395 0.05993862133990859
7 0.5306650917338217 0.9124861974060876 0.05350679508134402 0.06624316534054522
8 0.4690463356836975 0.8945805347310426 0.053343168617910844 0.038118165340544866
5 0.4524582785021051 0.9256396307288153 0.025190897540672098 0.03310340133672725
2 0.48135089296348565 0.928319735399406 0.0298602168225127 0.030032945337363514