8 0.812571823859027 0.9476485795353774 0.0392533975406721 0.03303975897699054
7 0.7664462576022484 0.9424479951282262 0.028352258976990362 0.039226126463433174
7 0.6914189865250094 0.9381968323640478 0.029932939695149586 0.042360216822512696
2 0.8649155738590271 0.9473440525062102 0.023610216822512697 0.029823855386194253
5 0.8430542093976465 0.949815067533325 0.022074987899751618 0.03450226502711473
4 0.45905139323906363 0.8817342506873711 0.08102378278470379 0.2301511083130606
3 0.25303722169428655 0.7891796329063407 0.10954875858420694 0.2990647347764936
0 0.37182149960721655 0.2572205848981306 0.02209316861791084 0.037627265027114644
1 0.38742831888905727 0.2540046813073344 0.04104315651766246 0.07211134933607007
4 0.3106527163315334 0.3521109040817755 0.05263516237139489 0.18467498184962744
3 0.8292623366466465 0.45925370004688226 0.057613553861942536 0.23470225292686617
3 0.7579150983541114 0.6846764017440844 0.08122377068445523 0.2645261083130606
3 0.39716290895354933 0.4500484343323965 0.08632942720211778 0.33642837939029935
3 0.3697464360809124 0.4377075156162899 0.07854419827935662 0.3410704275949012
3 0.35147874599297924 0.655008645104785 0.08773739109776431 0.30987496974937906