6 0.42296844749378976 0.8618066710537977 0.09555793969514959 0.042742011903856535
7 0.512853104109648 0.8693606167008758 0.04565793364502539 0.05963862041330899
8 0.568180953543914 0.8454645744482022 0.054923849336070064 0.040943162567786476
5 0.5582110559050462 0.8774367371141846 0.02362839754067192 0.032948855386194256
2 0.5839786703664267 0.8752429780389985 0.02674430718159222 0.0314045361043533
7 0.6299224294416129 0.8497298936318473 0.048782933645025395 0.059656801131468026
6 0.6844463029781799 0.8219230561996337 0.0376727168225127 0.029905668617910663
4 0.7134565712267484 0.7056895230221464 0.06009313836728971 0.12378293364502539
1 0.3164436531980127 0.276831707354543 0.042560204722264315 0.06430793969514967
3 0.20151004136891076 0.5292794756031114 0.07283857806243947 0.16604315651766227
4 0.10091566461089008 0.6950948522629363 0.07315674063022612 0.22073065651766247
0 0.31951865622307485 0.2682561380727022 0.018913626463433086 0.02823408430895542
3 0.3128333607489474 0.46196068627730413 0.08864538524403187 0.19738406010845858
3 0.35577483967170853 0.4575231711519936 0.09062604176169424 0.26926815046753827
3 0.3488622852205907 0.6121652193565955 0.11543514422102223 0.23660109621281206
3 0.3957413095192834 0.4788487253085238 0.0871010659621911 0.20049996974937906
3 0.44573676433974363 0.4783583667990716 0.08070562021691714 0.17546360831306043
3 0.5114440984523073 0.6271731167008758 0.09813855991206691 0.21775110226293642
3 0.5017908007386847 0.31072141490547767 0.08060562626704133 0.15827610831306052
4 0.5842305960164204 0.24714070393669738 0.07297493344863373 0.18948065651766247
3 0.8568020502477054 0.6369945860574713 0.11555331888905726 0.25691359621281223
3 0.7982072584860112 0.3679127879510652 0.08394879488495235 0.19579428903121981