7 0.6525792003224602 0.9841413793761798 0.03147725897699054 0.03171724124764026
7 0.7338746521178582 0.9924265940483614 0.031386355386194255 0.015146811903277069
8 0.7831252183746369 0.9981407920512251 0.04538522287263689 0.0037184158975499316
0 0.49933290036934236 0.1597060954009969 0.017351126463433175 0.028324994668999893
3 0.48582491227319907 0.25485496339908786 0.06828743344863372 0.18984429734245412
3 0.4493879634046672 0.30286520206076994 0.09186128883482798 0.21355451734563582
3 0.2522720688890573 0.2591681040340439 0.06662493949875792 0.17263861600890867
1 0.28233629791001436 0.18999139003818005 0.04573974687674198 0.0739647586728179
3 0.25470776424154773 0.5435521947008166 0.0795703670936593 0.24934656667727212
3 0.21573214353365122 0.6923073206954078 0.12528284289316244 0.3186238253500903
4 0.2874667638487643 0.8032908213717256 0.10791353571157006 0.2871738306810904
3 0.5598821193331543 0.7650572140754056 0.11261012607064966 0.2887908746817267
3 0.5283816135776178 0.5873589280712694 0.08436695140261463 0.26815111067790853
3 0.5612208637740095 0.4580623267424965 0.1076862767345796 0.24811133068109026
3 0.7162265263417961 0.5145497787634955 0.0967396863754999 0.2464215613462722
3 0.6790492340891225 0.5695821767584048 0.0904987767345796 0.24791133601209037
3 0.8769736496819714 0.6179758654519036 0.09206127673457942 0.24792951734563573
4 0.9930738100102626 0.4209201468013575 0.013852379979474704 0.20955681333545434