7 0.18468951640185677 0.8848330213718265 0.05188975292686626 0.05654998184962743
7 0.12372020014507809 0.8906562953759316 0.051871572208706994 0.05342498184962707
2 0.08020148342076121 0.985437530250621 0.09391362646343313 0.028670421544777013
8 0.23647420931846028 0.9806222443426591 0.03144089754067192 0.032994307181592575
4 0.205070714975801 0.7386256418833312 0.05906696955298729 0.21596134328594588
0 0.36178991023009555 0.38850694633444904 0.025236349336070062 0.040770445745273956
1 0.3680853620254937 0.3806580848981306 0.04891928903121974 0.0830943011314682
3 0.43514962129707174 0.5357314042781672 0.07836239109776422 0.3098204275949012
3 0.6611450156162898 0.36332864257070224 0.0639362767345796 0.24723861436318478
3 0.8490656337901037 0.8270633687629889 0.07825330678880889 0.2910704275949012
3 0.38496274805509245 0.7024240005891752 0.09396012002052548 0.3052238311856975
3 0.33165541999265297 0.8683535276183424 0.11836015632127062 0.20224427693097127
4 0.8791319463344489 0.35893553747909557 0.07966127068445558 0.2645170179539809