6 0.5400219110156625 0.9062024646812133 0.09711134933607006 0.04118860226293606
6 0.26848779948114815 0.8491904371610669 0.040797716822512695 0.029923849336070063
7 0.4470440706565829 0.9083058410464506 0.0519170240041051 0.06123748184962743
7 0.32454235676093635 0.8824569342342006 0.056622704722264314 0.06438975292686636
8 0.39018099229955583 0.8797313891528568 0.054923849336070064 0.04094316256778683
5 0.39778895922026436 0.9148421873574588 0.02676248789975162 0.034529536104353296
2 0.3704815706565829 0.9087512686413518 0.032994307181592394 0.0314408975406721
0 0.45138471711710026 0.16221209104645068 0.026780668617910664 0.03765453610435352
1 0.4561313044511179 0.15202856996921182 0.050363614363184796 0.06279089149054777
3 0.37698818423420066 0.3274830879231927 0.13764648750696812 0.2945408612399268
3 0.41522398243880254 0.33507287412574205 0.12556464402463058 0.3663431383672898
3 0.2987444886853185 0.48262056069763376 0.10458854781181844 0.2521624636992549
4 0.9590739763886784 0.3147219291660351 0.0794340117074647 0.22545451795398092
4 0.20225582894620225 0.4167779129605701 0.0904987767345796 0.24739315046753826
4 0.46185652528065135 0.7793177778147341 0.08353972872636958 0.12548178903121981
3 0.9756109948336386 0.5607111400366195 0.04366922852997775 0.2549329396951496
3 0.7089815101553408 0.7349127510801544 0.14083512002052548 0.305496541958086
3 0.6833699944408551 0.3030451275435876 0.10286242134838534 0.22402837334017517
3 0.6214552808397962 0.4713684015476927 0.10468854176169415 0.26934996369925485
3 0.570437160622879 0.6466592930382404 0.11896921037960517 0.3069317769309713
3 0.47477572356000797 0.43862914530117675 0.11079309601642037 0.2443863251355733
3 0.43015811514875163 0.4537319705349459 0.1171612706844554 0.26473518657189177