3 0.9924748880727023 0.7893570376564776 0.015050223854595401 0.2954215843089553
3 0.8770600080932276 0.6277377607255064 0.08931807181592362 0.3130090601084586
3 0.6452413397699044 0.3943656827612627 0.0998737767345796 0.24744769262201594
3 0.6449373336215845 0.47639238758172286 0.12034081283893308 0.27412836729005097
4 0.4307061410977643 0.311870303567355 0.0684419695529872 0.21601588544042355
3 0.2905861769075302 0.5321413760706497 0.13740104781181853 0.2523533612399268
0 0.49344301131468155 0.487229372751 0.028352258976990542 0.039226126463433174
1 0.43507547852997763 0.2572100746445939 0.05830337939029935 0.08471134328594587
7 0.21065025467538206 0.8918203822189696 0.039389752926866174 0.056477258976990186
7 0.12165593236847924 0.9030209817514315 0.05349770472226432 0.06437157220870696
2 0.2526019262201592 0.9850340510332722 0.040806807181592394 0.02993189793345543
8 0.1971513569383184 0.9879863342107595 0.048582945745273866 0.024027331578480825
5 0.13076783283601742 0.991715322208707 0.03759999394987581 0.0165693555825861