8 0.87734375 0.9472395133767947 0.0421875 0.026807939695149587
7 0.8296875 0.949860519328723 0.0296875 0.028297716822512697
7 0.74921875 0.9581411728213233 0.0328125 0.0314408975406721
2 0.934375 0.9398764652703886 0.025 0.025145445745273776
5 0.91015625 0.9431423658361228 0.0234375 0.023573855386194255
4 0.49296875 0.9127569917103806 0.0859375 0.16924996974937906
3 0.26328125 0.8648745244950845 0.1234375 0.2679056383672901
0 0.2953125 0.31312567213395226 0.025 0.040770445745273866
1 0.3109375 0.30678476854315606 0.0453125 0.0783886204133089
4 0.24765625 0.42434042808588057 0.0609375 0.1972295240041051
3 0.81015625 0.4405991488172182 0.06875 0.25039997579950324
3 0.775 0.6892411818965096 0.0921875 0.2833488311856975
3 0.35625 0.5104273981298472 0.1015625 0.35840337334017514
3 0.325 0.5020154553114395 0.0953125 0.36305451190385674
3 0.34453125 0.7323705758229443 0.1015625 0.3302783733401752