4 0.3444965293602715 0.1944557879535476 0.09985673870145292 0.2573772426798176
3 0.20190213872531548 0.429740401973274 0.1280726453691802 0.26551700668363554
0 0.24459871606458794 0.472999505967547 0.028652258672817864 0.04563976400381797
3 0.7656935607494961 0.6013292125636867 0.1538180800445435 0.32987040802036277
3 0.9398663100731784 0.5281991532065967 0.09266240404199806 0.31041133601209037
6 0.35499406011294937 0.8280131752864566 0.09732953333863614 0.0401897426798179
6 0.6317656454487219 0.842763829248913 0.039389764003817974 0.028579533338636054
7 0.5686934807844946 0.8614689232575035 0.05227157200827222 0.061537484006999675
7 0.4435934834499946 0.8543296799411391 0.05227157200827222 0.061537484006999675
8 0.507510532781631 0.8410842452657757 0.0536340773392725 0.044368165340544864
5 0.4906684781189945 0.8709717399347756 0.025418170671545327 0.036228401336727244
2 0.5180758627864035 0.8761223165977304 0.03477498933799979 0.03477498933799979