3 0.78359375 0.48997243492157166 0.115625 0.2537976865718917
3 0.7296875 0.46450480230981855 0.0796875 0.24890110831306062
4 0.83671875 0.29747586271286475 0.1 0.20058178298109547
4 0.26015625 0.8570802052132436 0.121875 0.2585215480082102
7 0.28671875 0.9350506691088902 0.0421875 0.04555793969514994
7 0.11171875 0.9212250393258075 0.040625 0.047111349336070064
2 0.33671875 0.9394472776183423 0.0328125 0.042378397540672096
8 0.38828125 0.942272295768715 0.05625 0.05188975292686635
5 0.4390625 0.9490081090986274 0.034375 0.04082498789975162
3 0.74140625 0.8449053746167214 0.1046875 0.3021715540583344
3 0.40859375 0.64606037110068 0.0984375 0.2505726926220159
0 0.453125 0.6043950458669108 0.0265625 0.05015453610435348
3 0.4171875 0.5280416241257421 0.1484375 0.2524260841125637
3 0.31953125 0.6536097715682182 0.1828125 0.24168857201231528
3 0.834375 0.6170207482514842 0.1125 0.28971700585373233