6 0.69765625 0.8668820345719588 0.0984375 0.03239542401336308
6 0.41171875 0.8944279686107752 0.0390625 0.027017033338636053
7 0.60625 0.8976331425843675 0.046875 0.05992044000636341
7 0.4765625 0.9100796932686392 0.0484375 0.06150112133990859
8 0.54140625 0.8866689179265034 0.04375 0.036446577339272326
5 0.559375 0.9177098325907307 0.015625 0.02674431333545435
2 0.5296875 0.9219615279280943 0.0234375 0.029960220003181704
1 0.61640625 0.09282746391632204 0.04375 0.08332157733927245
4 0.965625 0.4551701858689151 0.06875 0.27423747867599957
4 0.39296875 0.7329273946133206 0.078125 0.2243465666772721
4 0.2328125 0.16369723130172872 0.065625 0.22263861600890866
3 0.75234375 0.5654644378978684 0.084375 0.3056692920114541
3 0.7171875 0.5236860179026408 0.1296875 0.27650905068427195
3 0.60546875 0.4460797332511401 0.1015625 0.2589942866804538
3 0.58203125 0.4268212032543218 0.075 0.30556020401018136
3 0.37734375 0.1651404579487751 0.06875 0.20236247867599957
3 0.39453125 0.3829092132797752 0.1328125 0.22498291335136286
3 0.384375 0.5588086419478205 0.1015625 0.26368178668045383
3 0.27421875 0.4975904259627744 0.0859375 0.24006247334499947
3 0.2421875 0.522963143300456 0.1296875 0.278071550684272
3 0.0390625 0.30501421666136386 0.078125 0.23684656667727227