0 0.35188559941913244 0.63203125 0.03181362133990877 0.0484375
4 0.11060716609640467 0.71015625 0.11742604670590726 0.2890625
4 0.3908891766788631 0.08984375 0.07240335335772619 0.1796875
3 0.457432334022908 0.16875 0.12024196403563465 0.2625
3 0.593343109365044 0.23359375 0.08259651336727121 0.25
3 0.6606504300604518 0.4453125 0.11589990937299817 0.2921875
3 0.6413828093968608 0.46796875 0.13463172803945261 0.290625
3 0.5886577987348606 0.50234375 0.12543854137490734 0.30625
3 0.7356327960693604 0.5109375 0.11317489871099795 0.3265625
3 0.4223248214114964 0.57578125 0.14952947469763486 0.228125
3 0.3630770907463145 0.58671875 0.15470787070336192 0.2703125
3 0.24567941072563365 0.434375 0.12338514536918019 0.2640625
3 0.14151916939845155 0.4796875 0.1095408213717255 0.2828125
1 0.8381459846833174 0.12265625 0.060593149347544895 0.1046875
6 0.3096361067790857 0.828125 0.09742044000636332 0.046875
6 0.5897508681174036 0.86484375 0.040952264003817976 0.028125
7 0.5266241594525399 0.878125 0.055396572008272395 0.0609375
7 0.4006701867838582 0.86328125 0.05864884134309047 0.071875
8 0.4646235987825856 0.85390625 0.0598477146721816 0.040625
5 0.4438752941199491 0.88359375 0.028543170671545326 0.0359375
2 0.47205483812058535 0.88828125 0.033212489337999786 0.034375