7 0.7445144965388695 0.9501969247692227 0.0255090773392725 0.044040901336727244
7 0.8227031312062785 0.9456372414464947 0.025509077339272324 0.044040901336727244
5 0.9009008565404603 0.9402963081237669 0.020657945337363516 0.029923857336090976
2 0.924347447207233 0.9397877781269486 0.025399989337999786 0.03466590133672724
8 0.8688514252069149 0.9414860907860854 0.04104317067154532 0.0364102146721816
0 0.4287409759707286 0.22064304805854276 0.014353401336727245 0.025163632001908985
3 0.43628020862509287 0.3113680453930427 0.048929490690635194 0.17710794000636332
3 0.41378704328454774 0.36423850672340646 0.06791584802672598 0.19763861600890867
3 0.2254330679503659 0.3682976560311804 0.0471669960216353 0.15990225867281788
1 0.23797906862668367 0.2973402660327712 0.036701116008908664 0.06604317067154523
3 0.28726780724859485 0.6276459313733163 0.05270901869827131 0.23339430267345412
3 0.28246103389564114 0.7721408187062254 0.08937377204008908 0.29631247334499944
4 0.3720860605506417 0.8591328360518613 0.07496582670272564 0.26646134134309063
3 0.6115309158975502 0.7619054894175415 0.08123400803627093 0.2680965666772723
3 0.5453621179185492 0.6064271014083147 0.05605219470081657 0.25218066534054523
3 0.5483882152689575 0.4806640327418602 0.07921697469763486 0.2290158853437269
3 0.7021308332670484 0.4965173940960865 0.06827947469763487 0.22888861600890867
3 0.6795649425923216 0.5556378554264503 0.0636101560311804 0.2303965720082722
3 0.8702172145926397 0.5555122281189945 0.06517265603118041 0.23041475334181777
4 0.9641233979551384 0.34173208613140305 0.05855902936027135 0.19909202800763603