4 0.9366443826384557 0.19688551853918768 0.07496473201781768 0.1321045226766359
3 0.6555681999920459 0.05504838995863827 0.09511360001590834 0.11009677991727654
3 0.6123256353039559 0.20925189524986748 0.08243288136536223 0.23686474801081764
3 0.7842984432686394 0.46737183589277764 0.09945674936345324 0.22300224267981755
3 0.7230973139322303 0.49073715790104994 0.1155362827020893 0.2622465560152719
3 0.6620132685789585 0.638303048575777 0.1735305960375438 0.2785442653564534
3 0.4085439179265034 0.5365791059436844 0.1023635733609078 0.20428860534690862
3 0.44648771857100444 0.6993967319382757 0.1290715240292714 0.21709768801718105
3 0.268170719883869 0.8522324726289108 0.14889312802354437 0.17514654535327168
3 0.21411594931572808 0.12717847597072862 0.08666584802672608 0.197856792011454
4 0.05050852999681833 0.11425285665977306 0.10101705999363667 0.1371192866804539
1 0.5161638718969138 0.7532660719287305 0.12411130402608972 0.1936056440165448
0 0.4393581132638668 0.5065370699395482 0.03341248400699968 0.051944308004454244