2 0.8416434878660517 0.9767917418841872 0.02530908267027243 0.026853401336727246
5 0.8181968971992788 0.9778457118873689 0.022165901336727245 0.025254538669636162
8 0.7854571225334607 0.9719775198918231 0.04106135200509069 0.03797271467218159
7 0.7417434852005516 0.9693615972310955 0.025509077339272324 0.044040901336727244
7 0.6597940512015061 0.9632848672422314 0.030232940006363406 0.04722044533736351
0 0.39477122457832226 0.646099556612048 0.02387385200509069 0.0377727200031817
4 0.27861841856305025 0.7599358846276382 0.09331583736472578 0.2323045173456359
4 0.3093364479630926 0.268238733290911 0.050291996021635296 0.15993862133990877
1 0.31062677530236504 0.2244796426241383 0.041479522676635835 0.07391021467218159
4 0.9067648839513204 0.3479940325430057 0.07085903469127146 0.18204997867599956
3 0.7867330999363665 0.45953206389245943 0.08401356269890758 0.2384454293443632
3 0.6546291246021848 0.4673183865770495 0.08061584269572605 0.2149715666772721
3 0.435796213916322 0.6112518419398664 0.10837721602481701 0.18404883068109026
3 0.34736096992363985 0.5583819279519567 0.07885334802672608 0.19776588534372674
3 0.32544051658977624 0.562542716621593 0.06388287603436212 0.25383407200827224
3 0.4191927059595928 0.2927381992759572 0.05830449069063519 0.17721702800763603
3 0.4368978266231839 0.3151853639401846 0.09095335868872638 0.16353633601209036
3 0.4772137439529113 0.341275149268003 0.09438744135899882 0.19013519867918127
3 0.43540750461491146 0.3761319546069573 0.07249426002545345 0.18831816000954493