6 0.2877690646064587 0.8954544423274283 0.10018180718159239 0.03183178298109546
7 0.3813736188611848 0.9209998638722053 0.042532933645025486 0.05962043969514959
8 0.4447503176315208 0.9049617734149299 0.05490566861791084 0.03781816256778647
5 0.4273719200908488 0.9376742794650541 0.022065897540671918 0.03293976502711473
2 0.45548782973176916 0.9394004059284871 0.025181807181592398 0.031395445745273774
7 0.5102798688611847 0.9217498184962739 0.04564884328594587 0.058076120413308986
6 0.5728980435292198 0.9018009328594587 0.03765453610435347 0.026780668617910664
4 0.6267048204601912 0.7849225050681655 0.04605790944452863 0.12838862041330898
1 0.2907103166495621 0.2556061471478885 0.036319295081343926 0.06583407825883114
3 0.1197382447354427 0.5022760931877499 0.05413402985783757 0.17374657220870696
0 0.29701031362450003 0.247048758584207 0.017351126463433175 0.02822499394987581
3 0.25128368140553026 0.4522584333504379 0.06838742739850953 0.20664088544042353
3 0.29736379586691086 0.45487034894328654 0.057913535711570055 0.2862647529268664
3 0.2589183985226306 0.6171521803253758 0.09204309601642038 0.24427724082661778
3 0.3346910790443981 0.48477601756119737 0.06528060811666876 0.2097477047222643
3 0.3885427868899204 0.49446463494944426 0.061991981653235585 0.1816045240041051
3 0.42740023292978185 0.6642276891059745 0.07631810206654457 0.22699883723582168
3 0.4801404553114395 0.3278043757760621 0.06501698770335977 0.1644352047222643
4 0.5812262323406067 0.27604695393669737 0.05116356596219109 0.20029089149054774
3 0.7926025312325796 0.7390110831306049 0.08749195140261463 0.26768746974937907
3 0.7841734494577071 0.44207699579658755 0.06369083703943001 0.2050511143631848