6 0.6270815494811481 0.85078125 0.09075226502711473 0.021875
6 0.3567735946606879 0.85 0.03606476502711464 0.021875
7 0.5386821248131131 0.87109375 0.04093407220870695 0.053125
7 0.4160258748131131 0.87109375 0.04093407220870695 0.053125
8 0.4786167784039093 0.85546875 0.0392443071815924 0.03125
5 0.493278721222317 0.88671875 0.020485216822512697 0.0296875
2 0.464372471222317 0.88671875 0.018904536104353654 0.0265625
0 0.468975696334449 0.3640625 0.01894998789975162 0.034375
3 0.5063029795119363 0.39375 0.059121511707465046 0.225
4 0.787826211165172 0.2125 0.07307492739850936 0.20625
4 0.02707908782499684 0.75 0.05415817564999368 0.24375
3 0.41041882865161466 0.2234375 0.04336924668035032 0.203125
3 0.5514331514494969 0.559375 0.0984112706844554 0.2640625
3 0.49477408529091405 0.6296875 0.10151808996629619 0.2609375
3 0.6452609403825207 0.41171875 0.11388173458010194 0.2375
3 0.7414001421779188 0.40390625 0.06388173458010193 0.2375
3 0.8515467809379921 0.53984375 0.06400899960721666 0.259375
3 0.28518650361423725 0.39765625 0.0700135599120669 0.2171875