6 0.3482207512765462 0.8409143288480063 0.09076135538619426 0.02396474082661797
7 0.43404007660851124 0.8607268590986275 0.042478391490547905 0.05024543969514959
8 0.4942781398402277 0.8463143802740621 0.0454852168225127 0.029951120413308985
2 0.5050338326586354 0.8775007477605048 0.02668067466803503 0.020467036104353298
5 0.47925258265863546 0.8776507386853185 0.018895445745273777 0.02510908430895533
7 0.5543434862494315 0.8615894014494968 0.04720225292686635 0.056522710772388504
6 0.6122696157379268 0.8417218081635511 0.03451135538619425 0.02363748789975162
4 0.01744098829253505 0.5733284156910445 0.0348819765850701 0.24709316861791084
1 0.3474966478352596 0.15969159992524523 0.0395079275949012 0.07678975897699045
4 0.6294440010801545 0.709595109393215 0.07307492739850954 0.2066681565176623
4 0.8237818918833313 0.20457529040596184 0.04966469847574828 0.2112193011314681
3 0.6894649374556545 0.4639417209277294 0.06086581888905727 0.2565954336450254
3 0.5622575428418488 0.4412450851927182 0.06234650565734086 0.2425420240041051
3 0.5298586541799714 0.3703422327333902 0.0684419695529872 0.21601588544042355
3 0.5573114884889268 0.3514331514494969 0.0590851502711466 0.21908634328594587
3 0.5154961723303441 0.42198654596510676 0.09498628883482815 0.21304542154477701
3 0.43537285597536945 0.3630796994577071 0.08235902380771343 0.19109769867214013
3 0.43445577147002234 0.2521512898167867 0.07002265027114643 0.21914997579950315
3 0.42957178698811627 0.5545132205349459 0.0671703610435351 0.266006795081344
3 0.20473943775024211 0.661286437062871 0.05918514422102224 0.23627384328594586