6 0.3935394867918124 0.9174205732813661 0.10047271467218151 0.04178860534690827
6 0.6725906401177217 0.8594786145767314 0.04097044533736351 0.030160214672181596
7 0.48967869012567605 0.9202086712683212 0.052289753341817756 0.06309998400699968
7 0.6159593794557217 0.8945172332511401 0.05857611600890866 0.06629770934118148
8 0.5479451761218581 0.8914018712603671 0.05517839600572714 0.04282384667409076
5 0.5397695967934032 0.927439368594867 0.026962489337999784 0.03468408267027243
2 0.5678309621259942 0.9216433545910491 0.03319430800445424 0.033194308004454595
0 0.4940692680219536 0.15599162993318488 0.028579533338636054 0.039389764003818016
1 0.4892726800206809 0.14667117393382123 0.050727253341817755 0.06308180267345423
3 0.568707283378407 0.3254586979233217 0.1378658160407255 0.30156359468490823
3 0.5289544400461342 0.3337348219287305 0.12467602005090672 0.37639996268299925
3 0.6463430294000424 0.4839519032463676 0.10454423870145302 0.25743178668045397
4 0.7471419133911337 0.41714511656591374 0.09044537603436212 0.2541431546785448
4 0.4764327081078587 0.789095031269912 0.0843033693507266 0.12908861067790872
3 0.22273499610117717 0.7428216573042741 0.13955558537554352 0.3125192760184536
3 0.2550896787078163 0.30019780529918344 0.1026726560311804 0.23085110534690845
3 0.31648280673136064 0.47294441462445647 0.10476241470399827 0.276181786680454
3 0.3662299100890868 0.6520773839513204 0.11927944804263432 0.31540791868236295
3 0.46689133939367905 0.43915866593732106 0.11070333203372584 0.24969201201463562
3 0.5123856527291335 0.45425640726450317 0.117207870703362 0.2716397373488174