2 0.04017644712001599 0.8833397586728179 0.025199987899751586 0.03466590133672724
5 0.06279633568369751 0.8898533880092268 0.022056807181592353 0.031504538669636165
8 0.0932559953246179 0.891770424013363 0.040879530054229285 0.0442227146721816
7 0.13619292906783925 0.8977391606858628 0.039307939695149674 0.04264203333863605
7 0.2150264561952023 0.9111573180299077 0.040897710772388504 0.047347714672181594
0 0.5266967718628057 0.5202259720719058 0.026798849336070064 0.04093408267027243
4 0.8492171873574588 0.4130338267822674 0.08713742739850971 0.20724997334499945
4 0.3279057896203949 0.31008626137808887 0.07475560206654457 0.22741702267663583
4 0.4431696369133615 0.9082593110279987 0.07296584308955403 0.1834813779440026
3 0.22924855835994276 0.7495931093650441 0.10460672852997774 0.25588746801399936
3 0.35213206733693314 0.7119578440483615 0.14395102966144585 0.30477950135263543
3 0.413855362516473 0.7118947567234064 0.10167262607064967 0.2886636053469086
3 0.33840188632418633 0.5203788713796798 0.11553513817089804 0.25445223734881744
3 0.5382211209042882 0.28518790073995115 0.07628174063022612 0.22118520401018138
3 0.5080836481298471 0.3621862054025877 0.09974651170746504 0.22614542401336307
3 0.4721774435057787 0.49068337539781526 0.10138173458010194 0.23866360534690845
3 0.531402452580965 0.5171555160725421 0.10115447560311139 0.19960110534690845
3 0.7111439738545956 0.6442554600970409 0.11249195140261463 0.26847837468172653
3 0.8575553655415351 0.7256520054503128 0.12044080678880889 0.2920067813494539