4 0.1390625 0.246875 0.0515625 0.1859375
3 0.2890625 0.440625 0.103125 0.221875
3 0.2375 0.65234375 0.0921875 0.2515625
3 0.2734375 0.284375 0.090625 0.190625
3 0.73203125 0.5140625 0.08125 0.2296875
4 0.38984375 0.784375 0.06875 0.171875
0 0.69921875 0.46875 0.0171875 0.0265625
3 0.40234375 0.62421875 0.071875 0.2515625
3 0.34140625 0.2421875 0.08125 0.1875
3 0.621875 0.33046875 0.084375 0.175
3 0.44921875 0.478125 0.0515625 0.1953125
4 0.7671875 0.28359375 0.0671875 0.1640625
1 0.88671875 0.196875 0.034375 0.0609375
6 0.30625 0.9359375 0.0515625 0.0375
6 0.45546875 0.94609375 0.05625 0.040625
7 0.38203125 0.9421875 0.071875 0.0421875
7 0.53203125 0.94921875 0.06875 0.040625
2 0.60546875 0.9515625 0.03125 0.0359375
8 0.6765625 0.9546875 0.05 0.0390625