3 0.7817387958669109 0.4485616397420319 0.12966127068445524 0.26480790944452864
3 0.7224592446372469 0.4325008233870573 0.09369649960721667 0.2599113311856975
4 0.8008983829063409 0.2437696006126163 0.11215560811666876 0.21002041549465283
4 0.3088764501450781 0.8895790878249968 0.1325135599120669 0.21795109016268768
7 0.3513088689593807 0.9815166029503073 0.04550339754067192 0.033076120413308985
7 0.17079466716398256 0.9903790394240033 0.04384999394987581 0.017442030054229462
2 0.40287591413892043 0.9804353711006801 0.036137487899751616 0.03458407825883114
8 0.4536889803956991 0.9746711844305924 0.05963862041330899 0.04565793364502539
5 0.5091486400366195 0.975910976683266 0.03618293969514959 0.04239657825883114
3 0.7999286970218201 0.8132872150739969 0.1174248910977644 0.31004768657189175
3 0.42574682933898567 0.6748439012531051 0.11245558996629619 0.26158291549465285
0 0.46432351600907323 0.6238399374556545 0.02999657220870695 0.0532977168225127
3 0.4139604225267357 0.552260374125742 0.1624737706844554 0.26499880698520073
3 0.3365479739527914 0.6987995517206433 0.19835672852997774 0.25583288524403186
3 0.8544763382177802 0.5684468928652898 0.12675443930236624 0.3022897287263694