6 0.665625 0.83984375 0.090625 0.025
6 0.40234375 0.853125 0.0359375 0.0234375
7 0.58125 0.86484375 0.0421875 0.053125
7 0.46171875 0.87109375 0.046875 0.0546875
8 0.521875 0.85234375 0.046875 0.0328125
5 0.5375 0.8828125 0.0203125 0.0296875
2 0.5109375 0.884375 0.028125 0.0265625
4 0.5359375 0.75390625 0.053125 0.0953125
4 0.765625 0.34140625 0.046875 0.2375
4 0.04375 0.2453125 0.0640625 0.21875
3 0.3125 0.52890625 0.11875 0.234375
3 0.2875 0.51015625 0.1015625 0.2265625
3 0.45546875 0.4328125 0.078125 0.2109375
3 0.503125 0.3765625 0.121875 0.2328125
3 0.50390625 0.2109375 0.053125 0.1984375
3 0.515625 0.2953125 0.059375 0.2125
3 0.64453125 0.4921875 0.0640625 0.2703125
3 0.57421875 0.54296875 0.075 0.25625
3 0.503125 0.70703125 0.065625 0.184375
1 0.60859375 0.2015625 0.0453125 0.0796875
0 0.46328125 0.4359375 0.021875 0.0296875