4 0.8109158158639952 0.260134943996758 0.10310786104353512 0.26621587334017516
3 0.18747377068445542 0.26298074726952547 0.15626922247985348 0.2727749455488821
3 0.11607303199913688 0.7477875393258074 0.15316240319801272 0.2758817648307229
3 0.27966179156530246 0.39682396126336783 0.10966693325224205 0.3193772347764936
3 0.6224765263417961 0.5026456726249315 0.14401466217500314 0.3148897226762452
3 0.8591265777678518 0.3551701880448297 0.0939601200205253 0.3052238311856975
3 0.6939162308676687 0.6959866064663488 0.1440782946885605 0.3258272226762452
0 0.817770845623637 0.49838437773997935 0.023664758976990184 0.039198855386194255
6 0.6425906010845859 0.8712911334955159 0.09390453610435365 0.027107921544777015
6 0.36901674569839166 0.8494444463344489 0.03765453610435347 0.026780668617910664
8 0.4917684444687277 0.865137103146699 0.04082498789975162 0.03461134933607006
5 0.5052405920093996 0.8978723350945224 0.020467036104353475 0.02668067466803521
2 0.4763207064707801 0.8956967567374953 0.029832945745273776 0.025172716822512698
7 0.5512661643163025 0.8858854195016737 0.05033634328594587 0.058103391490547905
7 0.4277559414436656 0.8741035578689633 0.05033634328594587 0.05810339149054755
1 0.9663794998036082 0.12406965808879625 0.05370678298109581 0.100309072208707