7 0.2844036998727331 0.9357819221339522 0.02080339600572696 0.04230567466803521
7 0.2054429058720968 0.9409284852674731 0.01611589600572705 0.04227840359079593
5 0.12806279320500588 0.944503458041914 0.020657945337363426 0.029805674668035208
2 0.10460711187146046 0.9462023134281082 0.025399989337999786 0.03452044574527378
8 0.15933097453855133 0.9427591508603216 0.041024989337999786 0.03461134933607006
3 0.8421814792330047 0.7341127994811482 0.09235332137172562 0.2833306504675381
0 0.7012137706079118 0.4287036576960128 0.022347714672181596 0.04075226502711473
1 0.6016512172979107 0.2574195310361879 0.04144316000954511 0.07054884933607006
4 0.6290398732893202 0.32053715457275483 0.04097154002227157 0.16428975897699044
3 0.6392035719287306 0.5212456817001179 0.08866470003181667 0.23487496974937905
3 0.6616592799172766 0.6054843263139237 0.1263828760343621 0.2538431383672897
4 0.5211229972151873 0.86722177791293 0.07482037603436212 0.2535431565176623
3 0.026841573957683766 0.7552733072797883 0.05368314791536753 0.26438066256778664
4 0.034571710614275136 0.38571024102300955 0.04934766136218048 0.21277271077238852
3 0.2254694306174568 0.3611637172152962 0.05398061736154416 0.20811248184962744
3 0.36037114194782055 0.38225240115490927 0.05868629869508961 0.20970225292686617
3 0.3359513025939124 0.5339467113615637 0.08563060669954395 0.24266928903121965
3 0.22487689524986748 0.6134938316766767 0.0651362933640895 0.2269261143631848
3 0.6888217639242763 0.55376729020957 0.076582870703362 0.27073974687674196
3 0.5106154952657758 0.49465188632418633 0.07151356269890759 0.23789997579950323