2 0.8128036280155573 0.9944964512062228 0.026653403590795932 0.011007097587554426
5 0.7909286280155572 0.9944373638722054 0.02352840359079611 0.011125272255589281
8 0.7588564713996989 0.9872970295632498 0.034547716822512696 0.025405940873500298
7 0.7166417003224602 0.9824959000747547 0.028352258976990542 0.03500819985049049
7 0.6407922726293631 0.9724452309658644 0.03151362041330898 0.04549430718159257
3 0.18507756205336617 0.7932374364736958 0.14246125253408276 0.31644313231716553
3 0.3239981197259379 0.5010868187908615 0.11578966822512733 0.29753859621281203
3 0.3459231167008758 0.5098078338179761 0.13158738504764003 0.32731699980360834
3 0.27330777331673406 0.5164163821207739 0.14080784894328663 0.300809041958086
3 0.4013464149054776 0.5023180415653025 0.13453966822512733 0.29764768052176754
3 0.46593213143340284 0.726904951108027 0.1490930476154267 0.382104493753484
3 0.6601952158405541 0.6819429508134395 0.1471033007386847 0.30865790339440446
3 0.7893236587571575 0.5866037006170477 0.11414535499341091 0.2834670058537325
3 0.815174128211949 0.8645998729473916 0.1781624031980126 0.2708002541052167
4 0.3789300176593933 0.27485157171772767 0.08256810206654457 0.22703519867214011
4 0.30578549267332955 0.8619061441228265 0.11381810206654457 0.2272170058537327
1 0.4208175358097659 0.22353451141287736 0.056804511903856714 0.09563975292686626
0 0.42699026775758925 0.21028962284919586 0.02366475897699054 0.039198855386194255