7 0.7057860135541767 0.9863860125716407 0.040688632513557366 0.011410214672181595
7 0.6252718117587787 0.9795098512492313 0.04234203610435365 0.027053396005727138
1 0.3460175237095175 0.2514597659532294 0.04569429508134393 0.06615225867281786
4 0.23031123135864803 0.37312677530236504 0.07304765632127071 0.20239884134309047
4 0.6894453368430382 0.3263752132400043 0.06657039734428025 0.16326361600890865
4 0.628623549854922 0.8841518979153676 0.07584540339440445 0.14618520401018104
0 0.6936793606507516 0.5169638505729134 0.020503397540672097 0.033048857336090795
3 0.6748884540348932 0.5101507765754587 0.11515334308955402 0.18882723734881743
3 0.6433930143397436 0.4683269032463676 0.1061237767345796 0.2480931493475449
3 0.6759418939264347 0.4226325952419133 0.062010162371394985 0.1850840720082724
3 0.7555612162333375 0.40998659723109565 0.06512607201231528 0.1835579346753633
3 0.751347456667172 0.7600593225652774 0.10930331888905727 0.25750451201463564
3 0.6161497791704665 0.6202166672501856 0.08259537314378348 0.23219542934436319
3 0.4082185836215844 0.46793819394495706 0.10754083098930564 0.22311133068109026
3 0.2992753756778662 0.5434296372931382 0.08725560206654456 0.22756247334499946
3 0.24902084562363686 0.5002614399665924 0.07638173458010193 0.23837270401018137
3 0.0555077158405541 0.6775250159930003 0.10463399960721653 0.2605749680139994