4 0.7833290878249969 0.304926379893414 0.06049311416679295 0.19287839067472684
4 0.1164824762904825 0.25409605931731893 0.08251355991206685 0.2181329293443631
3 0.054854629881278684 0.614189221992364 0.10970925976255737 0.2716215560152719
3 0.1859399616561513 0.5345188086410012 0.09381467427525156 0.2807601986791813
3 0.549512103146699 0.4802916485916852 0.06995901775758924 0.20861247867599958
4 0.6828048295353775 0.7990314632400043 0.0682692527304745 0.18671929734245402
0 0.5496484585328933 0.4568541485916853 0.020530668617910842 0.03773635733609062
6 0.6112792874790957 0.874077463916322 0.09389544574527378 0.026090880012726813
6 0.3395224621471306 0.8569285159532296 0.03765453610435347 0.02699885200509087
8 0.46209235373587426 0.870345031269912 0.04081589754067192 0.033285214672181596
5 0.47518270619520225 0.9030029899347756 0.020467036104353475 0.026798857336090977
2 0.44707134173382174 0.9009865039385938 0.029832945745273953 0.025345445337363513
7 0.5213491790678393 0.8899666405951852 0.048773843285945875 0.05837612133990859
7 0.39718951640185673 0.881255806612048 0.048773843285945875 0.05837612133990859
1 0.7064943979334555 0.21832635590391353 0.04582156010845857 0.08802725867281787
3 0.7022007659108774 0.5535098779042317 0.09055331888905727 0.2572863360120904
3 0.619329699457707 0.430263829248913 0.10619649960721667 0.26059314934754474
3 0.5912950821676561 0.5493320025859583 0.08274081888905727 0.2571954293443632
3 0.5738535729942739 0.45891608792173083 0.05109993344863373 0.18964430267345414
3 0.5178671934075828 0.4142581159293669 0.08870901775758924 0.208830654678545
3 0.4906229164766115 0.5317546985996394 0.12024990924813697 0.2591942813494537