4 0.24769611485416404 0.260268837726801 0.06522606596219109 0.20037270472226432
4 0.9388251089022356 0.3039026038340701 0.08881810206654457 0.22707156010845858
3 0.9358485371845081 0.6812508990136099 0.11568967427525152 0.28035109621281207
3 0.8192473653451433 0.5811514259445814 0.10169080678880889 0.2912067829810955
3 0.45739278083979623 0.4723228892510526 0.07469196955298721 0.216052246876742
4 0.26576732046019114 0.7796773678792261 0.07456470452587256 0.19417724687674215
0 0.4606541362259905 0.44886720853289336 0.022102258976990363 0.03918976502711473
6 0.3254145103517326 0.8668273890546608 0.09702953610435347 0.027126102262936058
6 0.6065281549655384 0.8886286244203297 0.039226126463433174 0.028352258976990185
8 0.4792071308632373 0.8854632386853185 0.04238748789975162 0.03462043969514959
5 0.4594986188611848 0.9160456181738137 0.022038626463433176 0.028252265027114733
2 0.48917248332256535 0.918216651351301 0.029842036104353476 0.026735216822512696
7 0.4143042935292199 0.8959967385871227 0.0519079336450254 0.05967498184962707
7 0.5431514561952022 0.9054030339630541 0.0519079336450254 0.059674981849627426
1 0.3418960876286051 0.18237966618202392 0.048973831185697494 0.09246930113146812
3 0.28833825381062905 0.5256483980316513 0.09685786104353503 0.2661795119038567
3 0.39447060002344114 0.41097229879377706 0.11406354176169424 0.2694045058537323
3 0.4023280309379921 0.5374848018188392 0.09061695140261464 0.2677056504675381
3 0.43566322658507006 0.4474501542781672 0.05583288524403187 0.19719316256778666
3 0.500725145202981 0.4095729043763631 0.0950135599120669 0.21773292154477702
3 0.5085962116561513 0.5337416574014252 0.12967945140261464 0.26793290944452863