7 0.7155900652053241 0.94296875 0.0223840773392725 0.04375
7 0.7961224498727331 0.9375 0.016134077339272322 0.04375
5 0.874320175206915 0.93125 0.020657945337363516 0.0296875
2 0.8985571065404603 0.9296875 0.025399989337999786 0.034375
8 0.8430429032065966 0.93359375 0.04104317067154497 0.0359375
4 0.5995383512094603 0.9125 0.07692722135581712 0.165625
4 0.2870700019494114 0.37265625 0.06789766669318062 0.1953125
3 0.7855347739497296 0.3703125 0.07305788136536222 0.2359375
3 0.5061916246021848 0.475 0.07938060669954403 0.2421875
0 0.214876281269912 0.4671875 0.019149989337999784 0.034375
3 0.1980609512651395 0.50234375 0.07958060136854384 0.259375
3 0.4245956319223672 0.571875 0.07999877204008907 0.2953125
3 0.5823888559039135 0.7078125 0.07507491470399827 0.275
3 0.6506314205920034 0.55 0.09182606269890758 0.2375
3 0.8507110472231414 0.81171875 0.1163180800445435 0.328125
1 0.3139057692950472 0.28203125 0.044659066677272284 0.078125