7 0.19577014323906364 0.8865931226925443 0.029951120413308895 0.04565794533736352
7 0.12067923964826746 0.870095418682363 0.029951120413308895 0.04565794533736352
5 0.04558379087793148 0.8528164646721816 0.02361930718159235 0.0315227200031817
2 0.022895724621152806 0.8470840853357726 0.029905668617910823 0.03784544533736352
8 0.07687015231424994 0.8594300913430905 0.04397725897699045 0.03957157733927232
3 0.17007875506816555 0.6331863120225899 0.10613286709365921 0.2496556493475449
0 0.6819838574292977 0.6711719487587231 0.020476126463433175 0.028361357336090798
3 0.7535947161351417 0.4923298807685862 0.08378516842151917 0.16815111067790856
4 0.7838134812604522 0.4497156667727224 0.0572317587805987 0.16940452800763595
4 0.3452565379510652 0.8000572807129069 0.09185219847574846 0.21199201734563572
4 0.3076049843837102 0.3707419507081345 0.06029312626704133 0.15850339067472685
3 0.5402356772021178 0.34220096940640576 0.08847266842151917 0.16820565467854492
3 0.49942484572183277 0.4440629140674514 0.07916130093507653 0.17903406667727229
3 0.618148095525441 0.5751231047501325 0.1042067527304745 0.18713746801399936
3 0.6858764718906782 0.6688736520925866 0.09968287919390768 0.21520792401336308
3 0.554781528875879 0.8282748294079966 0.1342669574527388 0.2515454133513629
3 0.535571944861511 0.6147844940722239 0.09480448165323559 0.1823408800127268
3 0.44833102009528025 0.6582975893936791 0.10129992134838535 0.22460110534690844
3 0.3537356167008758 0.5118942093809523 0.10123628883482798 0.21366360534690845
1 0.3774538760706497 0.2918726107176795 0.040961343285945875 0.0582852146721816