4 0.74140625 0.21402920723268645 0.103125 0.28088746801399933
3 0.08828125 0.32397275465468234 0.159375 0.2877919960216354
3 0.0921875 0.8442398013208188 0.15625 0.2924431333545446
3 0.20703125 0.4475909733052285 0.109375 0.33877269334818116
3 0.5828125 0.501030862587549 0.146875 0.3329590453532717
3 0.8078125 0.3046627505570051 0.0921875 0.3245101986791813
3 0.68828125 0.6912098725732315 0.1453125 0.3438783640197265
0 0.7875 0.4619303578930959 0.0234375 0.0408977200031817
6 0.6625 0.8836973645767315 0.1 0.02772610534690827
6 0.37265625 0.9073825019494114 0.040625 0.028597714672181595
8 0.50390625 0.9027302699315939 0.0421875 0.034865896005727134
5 0.5234375 0.9345342532622759 0.021875 0.028379538669636162
2 0.49296875 0.9372325392664121 0.03125 0.026926126670909056
7 0.5703125 0.9136763132559127 0.053125 0.06155566534054522
7 0.4375 0.9238154766072754 0.053125 0.061555665340544866
1 0.88203125 0.04893820060870721 0.05625 0.09787640121741442