3 0.5018100232185382 0.5796875 0.14664878278470378 0.2296875
3 0.7093083849494443 0.39140625 0.09184310811666876 0.209375
3 0.15554862245641238 0.68515625 0.11066583098930569 0.221875
3 0.449656649878363 0.478125 0.0965760599120669 0.2171875
3 0.5866157735131258 0.38515625 0.10449764422102223 0.2359375
3 0.7325923906067849 0.63359375 0.11996810811666876 0.209375
4 0.7577928993873837 0.80234375 0.16881467427525151 0.2796875
3 0.175128827669656 0.425 0.08412151170746496 0.225
3 0.7184480773750683 0.61953125 0.12937037919390768 0.2140625
3 0.6969987616092691 0.28984375 0.05852154800821019 0.121875
3 0.49934705678880886 0.290625 0.09030787919390768 0.2140625
4 0.3340220386384363 0.3421875 0.0872010599120669 0.2171875
0 0.7044764809658646 0.63515625 0.02990566861791084 0.0375
1 0.705901062937129 0.20859375 0.04260565651766228 0.071875
8 0.9290957276462148 0.83828125 0.056513620413308985 0.0453125
2 0.9820328126425414 0.8296875 0.035934374714917186 0.046875
7 0.9970174632082754 0.87890625 0.005965073583449154 0.0484375
7 0.8763297968298598 0.9 0.03777271077238851 0.046875
5 0.8643292456983916 0.8515625 0.03932612041330898 0.0453125