0 0.6477763654433393 0.65078125 0.025263620413308985 0.0453125
4 0.866625838512368 0.76796875 0.084430583916172 0.278125
4 0.7009352652235064 0.1078125 0.04961015632127079 0.2015625
3 0.6207887020899857 0.18671875 0.09052604781181835 0.2515625
3 0.48071314793345543 0.2265625 0.05453400565734068 0.2421875
3 0.38193878376666246 0.41875 0.08444876463433112 0.28125
3 0.39507458802138856 0.44375 0.10317149355709239 0.2765625
3 0.44170414832623894 0.4859375 0.08920898750696829 0.29375
3 0.2980495970965749 0.46953125 0.07527375253408283 0.315625
3 0.5880019105246832 0.58515625 0.12468287919390768 0.2140625
3 0.6433479406771083 0.60625 0.12334763817089822 0.253125
3 0.7815888049420971 0.47890625 0.09366013817089822 0.253125
3 0.8734172357584523 0.540625 0.07814422247985356 0.271875
1 0.26361252722555895 0.07734375 0.050563602262936234 0.096875
6 0.6560059801993073 0.84765625 0.09240566861791084 0.0375
6 0.38029745307194435 0.83515625 0.037636355386194253 0.0234375
7 0.4395360976857501 0.85859375 0.04719316256778665 0.0546875
7 0.5629326910698917 0.865625 0.050381795081344015 0.065625
8 0.5028855253788472 0.846875 0.05488748789975162 0.034375
5 0.5175474681972548 0.878125 0.02519998789975162 0.034375
2 0.4894224681972549 0.878125 0.029869307181592218 0.03125