7 0.30541785401145216 0.93125 0.022111349336070063 0.040625
7 0.230422399190992 0.93203125 0.022111349336070063 0.040625
5 0.1562081943705318 0.9328125 0.018913626463433086 0.028125
2 0.1335564895500716 0.93359375 0.022065897540672008 0.0328125
8 0.18589114919099198 0.93203125 0.03768180718159235 0.03125
1 0.738432282686508 0.29453125 0.03154998184962743 0.0515625
3 0.6362476139704013 0.321875 0.03978063836728971 0.1234375
4 0.8574964209556019 0.4828125 0.04484993344863355 0.1890625
4 0.7226048331306051 0.796875 0.05278060811666876 0.209375
4 0.2013686199223296 0.36953125 0.028988584112563665 0.1484375
3 0.26431404751723087 0.44609375 0.0509908491396784 0.1703125
3 0.354630496189371 0.52734375 0.062028343089554114 0.1875
3 0.3750429901392468 0.54453125 0.040162433448633725 0.1890625
3 0.49915265583029134 0.52578125 0.052698794884952174 0.1953125
3 0.3993622549699697 0.69609375 0.0746101563212707 0.2015625
3 0.33925145676536783 0.70390625 0.0858021863754999 0.2453125
0 0.2950514839909267 0.6265625 0.015806807181592396 0.03125
3 0.9111900892789251 0.71484375 0.05907605991206708 0.2171875
3 0.7685753424021831 0.64140625 0.05124537919390768 0.2140625
3 0.6618566680287357 0.4265625 0.03071471057599684 0.1765625