0 0.7058258784083408 0.7287309287732515 0.025236349336070062 0.040770445745273776
3 0.628332137483527 0.7033996515476927 0.09863852966144578 0.3036886022629364
3 0.4380606197259379 0.4966870849963264 0.11073855386194253 0.2350113251355733
3 0.09395259230398721 0.705727304352922 0.10644193930236623 0.3021715540583344
3 0.03314131556940761 0.45919773799794744 0.06253740319801272 0.2753545240041051
4 0.194979802879984 0.8817080213718265 0.07167605386194262 0.23478406615858277
7 0.29154170637258436 0.96161771428843 0.022129530054229286 0.04387726502711473
7 0.21027807083396494 0.9597466629605702 0.025254530054229285 0.04389544574527378
8 0.16342125155212414 0.9631443737329587 0.03144089754067201 0.032994307181592575
5 0.1298229563725843 0.9625585664531704 0.022056807181592353 0.03137726502711473
2 0.10560420637258432 0.9626994670189045 0.023601126463433132 0.028261355386194252