6 0.3290775469280557 0.8332700004909792 0.09078862646343318 0.02865224082661797
6 0.5909235619551703 0.8536223653451434 0.03608294574527378 0.02520907825883114
7 0.412830378211949 0.8601274162802198 0.04250566256778665 0.05493293969514994
7 0.5308627607255063 0.8703785941697086 0.04563975292686635 0.056513620413308985
8 0.4721462908779315 0.8496257326351943 0.04081589754067192 0.033048849336070066
5 0.45435025770044424 0.87941777176461 0.022056807181592218 0.03137726502711473
2 0.48248889323906363 0.8815978953011768 0.022029536104353476 0.02668976502711473
3 0.15374016188041556 0.5077165303488169 0.09057149960721653 0.25989315046753825
4 0.31372928199913686 0.7466376089022357 0.055123837235821684 0.07531816256778665
3 0.29998390280522924 0.5326478317748726 0.0794612827847038 0.23014201795398073
3 0.479186110356164 0.7167677808397962 0.06658857806243965 0.16600679508134403
3 0.5476134026088376 0.660899055040293 0.075055583916172 0.27855224687674196
3 0.6222356318261862 0.46123942262493156 0.09058058996629618 0.26145565046753827
3 0.6752788185944697 0.44686785041622457 0.07176695745273882 0.25040906615858277
3 0.4971083667990716 0.44009165135130096 0.08263173458010194 0.23797269867214013
3 0.5041345507386847 0.3048899495559029 0.053906770880847076 0.13468407220870696
4 0.42464651775758916 0.2053490126894236 0.06528060811666876 0.2097477047222643
3 0.3148084303253758 0.26067738300453663 0.09185219847574846 0.2114647408266178
3 0.3954322373105764 0.4211512746914762 0.07488286709365921 0.24886474687674215
1 0.7942823068870049 0.221167892767094 0.0457579275949012 0.0768261204133089