6 0.7826797907797356 0.9081422865611412 0.05178066861791066 0.038099984006999675
6 0.7813627304748854 0.9503479678946867 0.04556703005422928 0.044277258672817864
7 0.8319167214978949 0.9106945745544597 0.033048849336070066 0.041006808004454595
7 0.8298229563725844 0.9536905965547777 0.031486349336070064 0.040988626670908704
8 0.8866087666774346 0.9108394778803692 0.05023634933607006 0.04120680267345449
2 0.8689127274498232 0.9579235632161417 0.02832498789975162 0.03470226400381797
5 0.9017161370907436 0.9559792552116875 0.023646578258831142 0.036210220003181706
0 0.8802304598886259 0.6202690218810055 0.022129530054229463 0.04400453866963616
3 0.8928077279408025 0.6334048212126419 0.07485559601642038 0.24460452267663585
4 0.9018736557320957 0.5801707332113692 0.04661242134838517 0.22396475867281787
3 0.672386143631847 0.6172183892425496 0.04840218032537571 0.26304544000636343
3 0.5381833395735127 0.5140853932606851 0.12167605386194254 0.23577496268299925
3 0.52034587889932 0.402566637929685 0.05898515632127079 0.2022352093411815
3 0.23612086982413372 0.431656890634956 0.0700044695529872 0.21642497867599958
3 0.23233227361132164 0.31763075330204693 0.04967378883482798 0.21306362133990878
3 0.18855552341492993 0.4478364213080921 0.0637544695529872 0.21635225334181776
3 0.4092412490180413 0.6437194439449571 0.11560786104353511 0.26695223734881746
3 0.3801213755796703 0.6073370486155478 0.0906714935570923 0.27759883601209034
3 0.4068884086589618 0.6421842159452753 0.07518284894328672 0.3008545226766358
4 0.218165234481906 0.2998256353039559 0.04162493949875792 0.1723477146721816
4 0.305085535024199 0.7363438432925019 0.06560786104353503 0.2663704346753633
1 0.5920612767345796 0.24000245591982186 0.03946247579950324 0.06920453333863605