7 0.6361229533475223 0.9755429598886257 0.028388620413308984 0.04547612646343317
7 0.711958745502 0.9832635145361353 0.028343168617910842 0.033472970927729405
5 0.7870132876564776 0.9928657735131257 0.02198408430895533 0.01426845297374868
2 0.8104598780155573 0.9944873608471433 0.028215903590795934 0.011025278305713471
8 0.7565218117587786 0.9888413488450908 0.04234203610435365 0.022317302309818387
1 0.40737772540671974 0.3304839481811608 0.04573065651766246 0.07213862041330898
4 0.36697089402463057 0.36774759884509073 0.058748806985200554 0.16127384328594588
4 0.3809354835981432 0.888123731358648 0.08868174668035031 0.20363406010845858
4 0.9607305052645572 0.5071348901158057 0.06822380093507618 0.1785158854404237
3 0.9639999092481369 0.6274746611930445 0.07200018150372607 0.21293633723582167
3 0.6170936138722054 0.39029580629782956 0.08224084913967822 0.17078519867214012
3 0.5278402163315334 0.35696515583029137 0.07912493949875792 0.1723295179539809
3 0.5043668757760621 0.48494925526455723 0.09012607201231529 0.18333065046753827
3 0.48647993900777864 0.49890721613514166 0.08407605991206672 0.21766928903121982
3 0.579062869627742 0.5674122973208391 0.09190674063022612 0.22083974082661798
3 0.42516116480728183 0.5672981469514967 0.0871919695529872 0.21612496974937906
3 0.3355446737842723 0.6058379513044188 0.09814765027114643 0.21931360226293642
3 0.32388955629782956 0.6167072736113216 0.10453400565734076 0.24278746369925486