2 0.03779801678863075 0.8982784187161066 0.055196577339272454 0.044068162567786826
8 0.1779144867918124 0.9209023315784808 0.0348477146721816 0.04082498789975162
7 0.14467417811104033 0.8171824339396132 0.05697725334181776 0.06282725292686635
7 0.08205599944299495 0.8073897983027978 0.056995434675363256 0.06438975292686636
3 0.9057072967059072 0.2838128176315208 0.08057948002863498 0.2113920179539809
3 0.6152128500954502 0.6995933954975685 0.11540901336727102 0.25065450585373233
3 0.6906753794159507 0.6046167179026672 0.0809612880330894 0.2442045179539809
3 0.7527555667170431 0.3667394680008631 0.053398814688089935 0.15811248184962734
4 0.49505106003340754 0.2432302868899204 0.05345335868872638 0.16279998184962743
3 0.468870915380316 0.3433893681738137 0.07222154002227157 0.16447156615858277
0 0.32724648937777073 0.3254620456705191 0.017478401336727067 0.02509999394987581
3 0.29187206337522537 0.30691657874981054 0.08937267735518084 0.16144656010845856
3 0.27382149737427086 0.29998986787922616 0.10201812802354437 0.17401928298109554
3 0.20305501137808885 0.32852847921734873 0.08339539735836246 0.18484769867214013