4 0.6857860891807293 0.7836508965587135 0.058485186571891744 0.11596134328594587
4 0.020687288245652823 0.6016624939498758 0.03602035499341081 0.28301248789975164
1 0.29547210216474046 0.16343228268650795 0.0457670179539809 0.0783886204133089
0 0.2832129966803503 0.204765809813871 0.02209316861791084 0.037627265027114644
3 0.281024303665551 0.36568512909571177 0.07369307181592362 0.31291815651766247
3 0.3555703065924172 0.4223669211519936 0.0515271803253758 0.26279089149054774
3 0.5968447463857627 0.4011151316297945 0.0701953670936593 0.24883747579950324
3 0.41677038524403187 0.1992930355151783 0.06069310206654457 0.22690793364502548
3 0.6731799874087723 0.3624980592246958 0.09834763817089805 0.2536886022629362
4 0.7183465207826514 0.20339122481754454 0.048165830989305644 0.2221477107723885
3 0.6298077581914235 0.5614577339909268 0.05956693930236625 0.30189884328594585
3 0.3224447100850175 0.5026402284317818 0.04534990319801278 0.2752545300542293
3 0.49685890280522926 0.5372475534691592 0.08143284894328655 0.3004636083130604
3 0.23322819486151108 0.6099300327847038 0.048438541761694244 0.2690227107723885
3 0.20410429712444741 0.7066323159621911 0.10792262607064966 0.2881181444174139
7 0.5646928600615764 0.917316848550503 0.033176114363184794 0.0626908975406721
7 0.4357820648820366 0.9157856439264347 0.025327252926866172 0.056395445745273776
6 0.6567621853935414 0.8975406797362006 0.10330680718159221 0.03184996369925486
6 0.3708155950344617 0.8943146440246306 0.03766362646343317 0.028343168617910662
8 0.49976275165031997 0.902095848648699 0.053343168617910844 0.037809072208706954
5 0.5163689895500716 0.936566297419035 0.02519998789975162 0.03452044574527378
2 0.48667694437053177 0.9356123305965223 0.0220477168225127 0.02981476502711473