7 0.2078125 0.8823847322424108 0.0296875 0.04548521682251305
7 0.13125 0.8664239098373121 0.0296875 0.0454852168225127
5 0.05390625 0.8512488826117531 0.0234375 0.031386355386194255
2 0.03046875 0.8474789879979475 0.028125 0.03766362646343282
8 0.08515625 0.8580983254301607 0.04375 0.039317030054229464
0 0.61953125 0.19639567262493157 0.0171875 0.02666249394987581
3 0.6 0.2847905521134268 0.0671875 0.18007838544042354
3 0.615625 0.3409496485226306 0.0890625 0.20051815046753826
3 0.803125 0.36876505543307647 0.0640625 0.16131020472226432
1 0.79921875 0.29769403133077554 0.04375 0.06900453005422928
3 0.70703125 0.619324112516473 0.078125 0.23326701795398092
3 0.69140625 0.7647275161072692 0.1203125 0.30069995764913066
4 0.59140625 0.8379655490883646 0.1046875 0.2709215540583344
3 0.365625 0.7111541059753694 0.109375 0.2725113251355733
3 0.4515625 0.5653416362259905 0.0828125 0.25204428903121967
3 0.465625 0.43947857299427395 0.103125 0.23341246369925486
3 0.31171875 0.4364677233636162 0.0921875 0.2317863311856975
3 0.325 0.4973279553114395 0.0875 0.23332156010845856
3 0.13515625 0.4718699339396131 0.090625 0.2333397408266178
4 0.06640625 0.24805115973911626 0.084375 0.20361587939029935