2 0.08203125 0.9707897438516799 0.0234375 0.03451135538619425
5 0.10625 0.9717118944174139 0.0203125 0.03136817466803521
8 0.1390625 0.967215291958086 0.0390625 0.04241475897699054
7 0.18515625 0.9651397075509347 0.0234375 0.045448855386194253
7 0.2671875 0.9609294514026147 0.028125 0.04547612646343317
1 0.15390625 0.2860516503693423 0.0375 0.06271816861791084
3 0.22890625 0.537269237605164 0.0859375 0.24581246974937904
3 0.28515625 0.6375964905320302 0.1046875 0.3912340540583344
0 0.725 0.48390542661294267 0.021875 0.02981476502711473
3 0.7015625 0.5048628212267483 0.078125 0.1567045179539809
3 0.6515625 0.5037906797362006 0.046875 0.1565227107723885
3 0.621875 0.48486796291368783 0.0953125 0.2005545119038567
3 0.6734375 0.6086054447633152 0.13125 0.37576359016268784
3 0.50703125 0.513887321521336 0.0765625 0.1754454275949012
3 0.49765625 0.5443015293668583 0.1015625 0.25371587334017515
3 0.33359375 0.5597532916634984 0.0953125 0.2974295119038567