2 0.10625 0.9439131055825861 0.021875 0.03137726502711473
5 0.1296875 0.9453392501963919 0.01875 0.028234084308955687
8 0.16171875 0.9420278978352595 0.0296875 0.0376727168225127
7 0.2046875 0.9409966629605702 0.0203125 0.04230567466803521
7 0.28359375 0.9397563498270494 0.025 0.04233294574527378
3 0.24921875 0.6032375877268009 0.09375 0.313045421544777
3 0.29296875 0.42563930767257163 0.0609375 0.2581670240041051
3 0.3171875 0.43877965710683764 0.0765625 0.2863829275949012
3 0.39296875 0.5867762746914762 0.1078125 0.2271897347764938
3 0.3421875 0.6784779613615637 0.078125 0.3113920179539811
3 0.74921875 0.6534536728213233 0.0953125 0.2630545119038567
3 0.8484375 0.8130326850197676 0.09375 0.342732921544777
3 0.8890625 0.49014008568369755 0.1109375 0.2506454154946528
3 0.803125 0.4023588054330765 0.084375 0.25986587939029937
0 0.4515625 0.6942478862259904 0.0234375 0.039198855386194255
1 0.28515625 0.2569347594679698 0.0484375 0.08153180113146821