7 0.6369542003224602 0.9767962449318344 0.037727258976990544 0.039280668617910665
7 0.7174547665792388 0.9817968414392342 0.03610112646343318 0.028334078258831143
5 0.7940808990927961 0.9922889138443329 0.023473861436318445 0.0063863553861942535
8 0.7620223780155573 0.987787766205465 0.040715903590796285 0.015861349336070064
4 0.2285462818027452 0.8768250786516146 0.09477721057599683 0.177107921544777
0 0.8605537641433518 0.6004826880448297 0.026780668617910664 0.03765453610435347
3 0.8685849536421099 0.7723167814289715 0.11887830678880888 0.2913067769309713
4 0.9128424511080271 0.4564236158361227 0.07301129488495235 0.19573065651766247
3 0.7770594872123805 0.48377697707604944 0.10774990924813714 0.2584306444174139
3 0.6951782281371942 0.5100354709277293 0.10293514422102223 0.23652837334017515
3 0.5521044181269315 0.35851894360397457 0.1152260659621911 0.20066359621281213
3 0.4467856590517452 0.3849137928418488 0.08887264422102223 0.23644656010845858
3 0.2941747852205907 0.6084654432111911 0.12059534289316236 0.317878367290051
3 0.3438566226528041 0.5534870517206433 0.1062237706844554 0.26467155405833437
3 0.46370149004105093 0.6066978892510526 0.10166353571156997 0.28651928298109547
3 0.5827974445669235 0.7997615671405415 0.165844210379605 0.3072044877033598
3 0.14419751111828977 0.6132443676828344 0.09221581283893307 0.2739647408266178
1 0.28833228873663214 0.2756756691088902 0.05361587939029935 0.08468407220870695
4 0.1935561199223296 0.3684176810127468 0.08571128278470379 0.23017837939029934