4 0.6400442587805987 0.16503204313643635 0.0824135659621911 0.20047269867214013
3 0.9447772105759968 0.4796656731159109 0.11044557884800632 0.26471700585373253
6 0.7407462999531178 0.8222809408735001 0.09870112041330899 0.04588519262201594
7 0.6597144685710286 0.8602536395456403 0.041006795081344014 0.06586134933607006
8 0.5956246974937898 0.8559388442679043 0.056495439695149585 0.04251475292686635
5 0.6176633239572229 0.88393657924079 0.02676248789975162 0.034529536104353296
2 0.5895701402140016 0.8895689557042228 0.03300339754067192 0.033003397540672094
7 0.5379803691367627 0.8851814375538503 0.03784543364502539 0.05959316861791066
6 0.4746354866232053 0.8746120970965748 0.0392443071815924 0.031477258976990184
1 0.25912605688700474 0.22428134075186307 0.05200792759490129 0.07686248184962734
4 0.48629462840834065 0.7300081242239379 0.09326016237139498 0.1849113311856975
0 0.7810283279642436 0.22593266081927074 0.026807939695149587 0.04234203610435348
3 0.2206650832288009 0.7307722352674728 0.12800786709365922 0.2491738190854491
3 0.4001429840891226 0.5594097987937772 0.09972833098930564 0.22244769262201594
3 0.4045936138722054 0.38437798253699845 0.08561128883482798 0.21299087939029934
3 0.4422436047970191 0.4099410639190876 0.08101469242562409 0.2285886083130606
3 0.6392180778660478 0.291603633495516 0.09329652380771343 0.1911613311856974
3 0.661161776439992 0.43757466364794106 0.1170612767345796 0.24754768657189175
3 0.6277543788011242 0.46980135636815296 0.1295521863754999 0.24605790944452863
3 0.7297203580184729 0.26998264266889815 0.11067492134838534 0.2240738251355733
3 0.7160765354169824 0.4763190010801545 0.09529536104353512 0.266170421544777