4 0.3708129906302261 0.2224623699223296 0.08393970452587256 0.19423178903121974
0 0.7214902223816576 0.34090486035616396 0.02520907825883114 0.03608294574527386
4 0.8317066014773694 0.6204428903121973 0.11535333098930564 0.22253859621281222
3 0.6637964179305398 0.4952514718906783 0.09817492134838535 0.22400110226293624
3 0.667962264045156 0.6741759026088376 0.09522263817089822 0.25367042154477704
3 0.5938889597904299 0.6987441105525557 0.1029987767345796 0.24746587334017534
3 0.35768329419758116 0.6512777163315334 0.11400899960721649 0.26002950585373236
3 0.3254782856133742 0.3526629543294809 0.08251355991206691 0.21766019867214012
3 0.20389924316430888 0.5371056111417308 0.10300786709365921 0.24902837334017516
3 0.05493502321853817 0.5799874818496275 0.10472490319801271 0.2755999636992549
3 0.04188453561337418 0.3510130541565303 0.0810237827847038 0.23015110831306052
4 0.09114575487177383 0.7614420149289188 0.08056017447164332 0.1504636083130606
3 0.7224714602814093 0.37528440553570375 0.14532263212077404 0.2711488130353249
1 0.7172112676593934 0.2768196344584649 0.05039997579950324 0.06904089149054773
6 0.29850880297817983 0.8196777375069682 0.09712953005422928 0.044313602262936416
6 0.5589513992891878 0.8704100322937245 0.04082498789975162 0.03461134933607006
7 0.37841901677563056 0.8584225958200286 0.05506020472226432 0.06438066256778682
7 0.4965013962641257 0.8786401679305398 0.05821247579950324 0.06908634328594587
8 0.4401059505188519 0.8533129150036736 0.054932939695149584 0.04250566256778683
5 0.4199525318027451 0.8805384903356386 0.028315897540672097 0.032976126463433175
2 0.44733264323906363 0.8869475716195317 0.03300339754067192 0.033003397540672094