6 0.21129514928918783 0.8659875726014905 0.04706589754067201 0.033085210772388504
6 0.21075024862525787 0.9066171177810304 0.04242384933607006 0.04087043969514994
7 0.16363889928918782 0.8662648285534189 0.02990566861791084 0.03767271682251305
7 0.16466104380479768 0.9076665333738789 0.028343168617910842 0.03766362646343317
8 0.1112860589301082 0.865006855582586 0.045530668617910844 0.03776362041330898
2 0.12639342934341713 0.9102329971713295 0.025181807181592353 0.031395445745273774
5 0.09512979380479772 0.9080710543529221 0.020512487899751575 0.03449317466803521
0 0.12920377019347606 0.5875494760940908 0.018986349336070064 0.04073408430895533
3 0.11677649306611301 0.6001221989667277 0.0607203731437834 0.23159543364502538
4 0.1102265112164856 0.5485960604030462 0.03248628883482798 0.21268180718159221
3 0.32766854127071493 0.5910825004909792 0.032704457452738825 0.2501818071815922
3 0.4607259600850175 0.49811777478967195 0.10439765027114642 0.21934996369925486
3 0.4819828156676035 0.39174050976255737 0.04642152380771343 0.1908886204133089
3 0.751741324644594 0.4292349228213233 0.055869246680350315 0.20344316256778666
3 0.7604799995090207 0.3198053806668456 0.03710106596219109 0.20020907825883122
3 0.7971538185944697 0.4461588024080144 0.05118174668035032 0.20341589149054773
3 0.5786588695295463 0.6255609978587007 0.0983203670936593 0.24900110226293623
3 0.6073696768093344 0.5917990762157277 0.07340218032537571 0.2629181565176625
3 0.5809935291704665 0.6239848623200812 0.05790444535249044 0.28470225292686635
4 0.7744470507386847 0.303317317435129 0.030632897344280253 0.1626727168225127
4 0.6745077007152436 0.7171939859548441 0.04991013817089822 0.2534068011314682
1 0.41934139422102223 0.23350582894620225 0.034738614363184796 0.06269998789975162