6 0.40688945042065605 0.915625 0.0970477168225127 0.0296875
6 0.6872127546753821 0.890625 0.039217036104353474 0.0265625
7 0.5007212636523726 0.9296875 0.04564884328594587 0.0578125
7 0.6272155859592754 0.91796875 0.0519079336450254 0.059375
8 0.561531498625258 0.9078125 0.05177157825883114 0.0359375
5 0.5492269413454697 0.94140625 0.023628397540672096 0.0328125
2 0.5773383058068502 0.9390625 0.0298602168225127 0.0296875
0 0.589326641294156 0.1796875 0.023646578258831142 0.0359375
1 0.5853613039601384 0.16953125 0.0440954336450254 0.059375
3 0.6426885115110732 0.3546875 0.1063964875069681 0.29375
3 0.6036441922292324 0.3578125 0.0834044151018695 0.3703125
3 0.7022412943939729 0.51953125 0.07802604781181835 0.2515625
4 0.05706410801847291 0.27421875 0.05913969242562418 0.228125
4 0.8089543818261863 0.46484375 0.062391957452738823 0.25
4 0.5023014234896847 0.7984375 0.07102154800821019 0.121875
3 0.258896336253863 0.7234375 0.10646012002052548 0.3046875
3 0.3384277375069681 0.29375 0.07942492134838534 0.2234375
3 0.37929869808296496 0.4703125 0.07501013212077386 0.2703125
3 0.4084781797362006 0.6515625 0.08460330073868469 0.3078125
3 0.5307702944921687 0.4546875 0.08422150565734068 0.2421875
3 0.5746384691602038 0.475 0.08903627068445541 0.2640625