4 0.7146290847999348 0.30546875 0.046285168421519175 0.1671875
3 0.4270098683702055 0.59453125 0.09957379488495217 0.1953125
4 0.626282639643836 0.71953125 0.0509817587805987 0.16875
3 0.26250298253699844 0.40234375 0.04157039734428025 0.1625
3 0.4815882840612501 0.61328125 0.0762726502711466 0.21875
4 0.10182910295030737 0.35703125 0.04158857806243947 0.165625
1 0.6658466720357563 0.23046875 0.028443162567786652 0.0546875
6 0.703289525477043 0.91171875 0.05021816861791084 0.0375
6 0.5579043026044062 0.92421875 0.056486349336070066 0.040625
7 0.6306014592202643 0.9171875 0.07212953005422928 0.04375
7 0.4828770315271672 0.92890625 0.07055793969514959 0.0421875
2 0.41644805562946824 0.9328125 0.03145907825883114 0.0359375
8 0.35000089901361 0.93984375 0.06427157825883115 0.0359375
5 0.2835673779363711 0.94453125 0.02363748789975162 0.034375
3 0.5552268137226959 0.31015625 0.06351812021691713 0.175
3 0.5109046419815271 0.27421875 0.06193743949875792 0.171875
3 0.42884612090428825 0.27890625 0.04934653590796181 0.15625
3 0.4877302415139889 0.36328125 0.06664312021691714 0.175
3 0.4411910639190876 0.43984375 0.07748062626704133 0.1578125
3 0.3892194977605048 0.51015625 0.07306583703942993 0.2046875
3 0.3595819947354427 0.5015625 0.06687037919390768 0.2140625