0 0.26183952907227065 0.690687590751863 0.029942030054229286 0.0439227168225127
3 0.3406685110200939 0.6769472776183424 0.13927262002052548 0.3054874515990065
3 0.5521822070599554 0.5061797387835144 0.14203400565734087 0.24300563231716552
3 0.8536412096922341 0.7552156398402279 0.14864762002052528 0.30554199375348395
3 0.9480249304235716 0.5280849923977516 0.10395013915285674 0.2771806444174141
4 0.7310082064707802 0.8942150282075175 0.10586924668035032 0.2037340540583344
7 0.6275610196043009 0.9737257870863122 0.028388620413308984 0.04547612646343317
7 0.7057132906815398 0.9779587691323313 0.03145907825883114 0.03611930718159222
8 0.7495041972973981 0.9847354890781019 0.03450226502711473 0.022074987899751618
5 0.7823348780155573 0.9876695915374298 0.025090903590796288 0.015770445745273774
2 0.8065672635541766 0.9898724409716959 0.026626132513557367 0.011092036104353298