4 0.72734375 0.24231783923459543 0.0734375 0.20554202267663593
4 0.03671875 0.32301023866168205 0.0734375 0.23210452267663592
3 0.05390625 0.7071852439926822 0.096875 0.28550224267981755
3 0.15546875 0.6005347073122282 0.1109375 0.29816587468172673
3 0.5203125 0.47050811592936687 0.0828125 0.22127611067790856
4 0.72578125 0.7712422705681409 0.08125 0.1993829293443632
0 0.5171875 0.4455444785964578 0.0234375 0.0408977200031817
6 0.6671875 0.8641115705760951 0.0984375 0.03239542401336308
6 0.38203125 0.9010234139481387 0.040625 0.030160214672181596
8 0.5109375 0.8909297039306395 0.04375 0.03800907733927232
5 0.53203125 0.9211530059277759 0.021875 0.028379538669636162
2 0.5015625 0.9254137919319122 0.03125 0.028488626670909057
7 0.5765625 0.898759837921731 0.0546875 0.06313634667409077
7 0.446875 0.9143313886060028 0.0546875 0.06313634667409077
1 0.6296875 0.16845417258118575 0.053125 0.09436816534054512
3 0.69453125 0.5145746472390498 0.10625 0.27467383068109025
3 0.5828125 0.4041558625875491 0.1234375 0.27799882535009013
3 0.57890625 0.5323263159214127 0.1 0.27460110534690846
3 0.5421875 0.4429098272597306 0.0625 0.20072725334181776
3 0.475 0.40775412460218485 0.103125 0.22463746801399936
3 0.4703125 0.5351524186028211 0.1390625 0.27818063868554466