4 0.7258686501729505 0.2751667019016863 0.07768061416679295 0.19307838534372673
0 0.3570595628389331 0.2693012466184113 0.02520907825883114 0.03622840133672707
4 0.16227936972593787 0.4973642539783647 0.10909424063022607 0.22156701201463563
3 0.3603714360809124 0.4356802246180932 0.09036242134838535 0.22447383601209037
3 0.29649580932289166 0.6028409999602291 0.08741013817089804 0.25412497334499945
3 0.35849636045435984 0.650560337285184 0.0951862767345796 0.24796588001272682
3 0.5962145290722706 0.6852967745862765 0.10463399960721667 0.2605749680139994
3 0.7251151921310366 0.41424738323523175 0.0762635599120669 0.2180602040101814
3 0.7794946616840239 0.6292542178946867 0.09518627673457943 0.24796588001272682
3 0.9097366735878806 0.7230576672104148 0.10627831283893308 0.2746556493475449
3 0.9777397015008106 0.507386666534097 0.04452059699837889 0.2286704400063634
4 0.8114178691367627 0.8788996818905505 0.07586358411256348 0.14931020401018139
3 0.3447504603796051 0.30225919728677486 0.13750104176169414 0.2703317760184537
1 0.3825044695529873 0.21118875461491146 0.04882838544042354 0.06775112133990877
6 0.5956974203664267 0.8650024559198218 0.09711134933607006 0.041752242679817544
6 0.33450993549173724 0.8250699886219112 0.04081589754067192 0.033285214672181596
7 0.5082519625209043 0.8753956105983669 0.05348861436318479 0.06311816534054486
7 0.39015140231424994 0.854112051281048 0.05664088544042354 0.06784202800763595
8 0.45184742641655096 0.8494876386060028 0.05336134933607006 0.041243165340545215
5 0.462190028777683 0.8814007099379573 0.026753397540672096 0.03312158267027243
2 0.43482809805952377 0.8785938832750027 0.03299430718159222 0.03163180800445424