2 0.062055992299555794 0.881249452657546 0.025190897540671962 0.03310340133672725
5 0.08468042604277713 0.8864545733211369 0.02204771682251274 0.029942038669636163
8 0.11592133568369752 0.8876534466502279 0.039307939695149674 0.04264203333863605
7 0.15808610978599846 0.891068800644501 0.03773634933607006 0.041061352005090514
7 0.23615656763152076 0.8995347339672287 0.039317030054229284 0.044204533338636054
0 0.5330331302740621 0.49298255259391244 0.02522725897699054 0.039353401336727066
4 0.8493626331027325 0.3682161732177326 0.07931583703942983 0.20559656667727227
4 0.3287188558771736 0.2969358979551385 0.06692492134838535 0.22420111600890866
4 0.4627417935292198 0.8929921906031393 0.06991356596219109 0.20079997867599958
3 0.2456911697962612 0.7377159866327289 0.09677604781181844 0.25267156134627217
3 0.36703490467095073 0.6933381832829568 0.13455784894328654 0.30154541335136287
3 0.42799058538910995 0.6895041112746846 0.09228853571156996 0.28699201734563573
3 0.3454876784786641 0.5029768126193658 0.10770445745273882 0.25123633068109025
3 0.5367313437769251 0.26014278059359425 0.06846924063022612 0.22109429734245412
3 0.5097234161820239 0.3370143632638668 0.09192492134838534 0.22449201734563573
3 0.47771891637841557 0.4670654899347757 0.09355105386194254 0.23544769867918128
3 0.5385200609922214 0.4897939179265034 0.09488629488495234 0.19640338001272664
3 0.7206462388817102 0.6056354519016864 0.10309877068445542 0.2652442866804538
3 0.8678706968254286 0.6781360658816418 0.11104762607064984 0.2887726933481812