7 0.384375 0.9907325216664141 0.0375 0.014280668617910663
4 0.796875 0.882863916869395 0.0921875 0.1520988311856975
0 0.1546875 0.6233188044511179 0.028125 0.039226126463433174
3 0.14765625 0.7983597110669761 0.11875 0.29600336729005117
4 0.10078125 0.4767574218393647 0.0734375 0.198864746876742
3 0.23984375 0.5025108798812787 0.10625 0.2631181444174139
3 0.321875 0.5285961360295988 0.1046875 0.2427965540583344
3 0.46796875 0.3730586874556545 0.115625 0.20379768657189173
3 0.575 0.3989984978587007 0.0890625 0.24114315046753826
3 0.73125 0.6246519619507389 0.121875 0.3241465480082102
3 0.67890625 0.568706488979906 0.10625 0.2709306444174139
3 0.55859375 0.6240939466290366 0.1015625 0.2912158733401752
3 0.4375 0.823235949457707 0.1671875 0.31347266842151916
3 0.884375 0.6268861067609364 0.0921875 0.27866133118569747
1 0.734375 0.28557128123257963 0.0546875 0.08625566256778665
4 0.83125 0.37953892896964336 0.0859375 0.23331246974937897