7 0.6655213598841943 0.9617168092246958 0.03621021077238851 0.04708407825883114
7 0.7467168177297167 0.9715645078968359 0.03620112041330899 0.045521578258831144
5 0.8224435255752389 0.9813803903121974 0.022056807181592576 0.03137726502711473
2 0.8466395496775398 0.9836907614128773 0.02677157825883114 0.032618477174245444
8 0.7919975014729379 0.9772968783101448 0.03928066861791102 0.03772725897699018
4 0.25270826337679464 0.878843659248137 0.09334197560311139 0.1989738311856975
0 0.8802712237563999 0.5762343480595238 0.026780668617910664 0.03765453610435365
3 0.8925525342576417 0.7481866161117006 0.10949421642972937 0.2896897347764936
4 0.9287728771508043 0.4311991040114521 0.06676129488495235 0.195694295081344
3 0.7934393651487517 0.46088153795106523 0.09836581888905727 0.2568136022629364
3 0.712797898326239 0.49010088445846495 0.09668514422102241 0.2364920119038567
3 0.5652239824388026 0.3407998003459013 0.10895788524403187 0.1975022347764936
3 0.46114047043675 0.37066404146710663 0.08106014422102241 0.23640110831306044
3 0.31294282319066563 0.5971532977136226 0.10965784289316236 0.3178147347764936
3 0.36327462129707166 0.5404129392041703 0.09684877068445541 0.26461701190385656
3 0.48329622980652387 0.5911128968533009 0.09228853571156996 0.28646474082661777
3 0.6079730011783504 0.7816884207592102 0.15645102966144578 0.30402494554888226
3 0.16288828103618794 0.6056556232419793 0.08284081283893308 0.2739101986721401
1 0.3008120244950844 0.265040234481906 0.050481789031219734 0.08310339149054773
4 0.20807001259122773 0.3598164032962086 0.07788969242562419 0.2285704275949012