6 0.3153820745544597 0.8284532946885605 0.09253294533736352 0.03022383118569749
6 0.5814701512174144 0.8573469509116354 0.037790901336727065 0.025218168617910663
7 0.40019287921709623 0.8586362192583996 0.045948846674090583 0.05495112041330898
7 0.5211411785487327 0.8718407220870701 0.047547709341181486 0.058085210772388506
8 0.46123037655159627 0.8503969932625047 0.050418170671545325 0.03622839149054755
5 0.4429252718810055 0.8791987041330891 0.022238626670908878 0.03137726502711473
2 0.4702326592139146 0.8824827854169826 0.030014764003817973 0.02829771682251305
0 0.7821279632797752 0.39910824579658755 0.01911362667090888 0.03135908430895533
4 0.7708557506365469 0.22637472774441075 0.06637152936027153 0.19881020472226432
3 0.5352546053071375 0.1960958335233885 0.0663897106938169 0.20037270472226432
4 0.029658585972319455 0.5212937378997516 0.05931717194463891 0.2269079336450254
4 0.5995218119032771 0.7160361496819713 0.08185107869190791 0.18640110831306062
3 0.8341989932765935 0.4228502728257547 0.11190220536281678 0.2178238251355733
3 0.47311713729313815 0.2988663095192834 0.06797039202736244 0.201944295081344
3 0.4358529472867748 0.3455276860809124 0.0791624306969986 0.2238829275949012
3 0.47220807061586595 0.3769913095192834 0.10112833736472578 0.23182269262201594
3 0.5561279899347757 0.4837367340891226 0.08399538136536222 0.23641019867214014
3 0.6152484512651395 0.5059571677341481 0.09647720003181667 0.23492042154477702
3 0.6421023999443207 0.4139196586589618 0.07607379336408951 0.22698974687674217
3 0.16694621658182207 0.6260135750373774 0.07293061203054405 0.22540906615858275
3 0.2677643765913671 0.5562828580184729 0.1026362933640895 0.22714428298109546
1 0.38095800397836466 0.16160213797450634 0.041515885343726834 0.07679884933607006