7 0.7545406214592214 0.92734375 0.06171929734245403 0.0671875
7 0.8202838001272669 0.9375 0.06173747867599957 0.06875
3 0.17044086401972636 0.1453125 0.09318856802990769 0.2203125
3 0.3255685474219959 0.653125 0.13274196403563465 0.2625
3 0.2812089254057694 0.53359375 0.09515105736790748 0.2546875
3 0.2946425273710892 0.278125 0.0644272213558171 0.165625
4 0.588755606699544 0.2421875 0.06448176535645356 0.1703125
3 0.5837510280474069 0.34921875 0.08326812802354447 0.1734375
0 0.7294089733847704 0.37890625 0.019059082670272433 0.0265625
3 0.7699612480505886 0.37265625 0.10041926535645337 0.1703125
3 0.7910459073838159 0.371875 0.11464539735836254 0.184375
3 0.8525833913908155 0.4234375 0.0959863040260899 0.1921875