7 0.23125 0.9791233768562165 0.0328125 0.0298783975406721
7 0.14453125 0.9772841417851353 0.0328125 0.0314408975406721
5 0.06484375 0.9800915000981959 0.01875 0.023546584308955686
2 0.03828125 0.9794647862025494 0.025 0.025145445745273776
8 0.09765625 0.9791193525575238 0.0375 0.026780668617910664
4 0.42734375 0.9318887867917244 0.0953125 0.13024201190385654
4 0.09609375 0.7111596929166035 0.090625 0.336464740826618
3 0.09140625 0.8932182139938425 0.09375 0.200545421544777
3 0.34296875 0.676129666182024 0.08125 0.3989101986721401
3 0.4703125 0.651170051917035 0.0640625 0.3675602047222643
3 0.6859375 0.44444683236404786 0.0890625 0.3239556504675381
3 0.6546875 0.27353488954564015 0.0640625 0.28006020472226434
3 0.6046875 0.43945078103618795 0.0796875 0.3239011083130606
3 0.5375 0.3406229164766115 0.046875 0.3158977107723885
3 0.4390625 0.45447685909862745 0.0859375 0.35362496974937907
0 0.36015625 0.32290467223214814 0.0234375 0.04388635538619425
3 0.3359375 0.5355455727978822 0.06875 0.3238374757995032
3 0.37421875 0.5243853590004315 0.0609375 0.3722295240041051
1 0.35859375 0.20103876259122772 0.0515625 0.09092498184962743