6 0.31500141138943627 0.8328125 0.09551248789975161 0.034375
7 0.40111617339148875 0.86328125 0.048773843285945875 0.0578125
8 0.46512867641655087 0.8546875 0.05021816861791066 0.0375
2 0.47392241431630244 0.8890625 0.029832945745273776 0.025
5 0.44656048359814327 0.8859375 0.022029536104353476 0.0265625
7 0.5262025318027451 0.878125 0.05348861436318479 0.0625
6 0.5886207185710286 0.8640625 0.039226126463433174 0.028125
0 0.6437005239059091 0.12578125 0.02677157825883114 0.0359375
1 0.6416567557555366 0.17734375 0.048901108313060604 0.0796875
3 0.6080907977136226 0.31640625 0.1287078247427898 0.36875
3 0.5966447584860111 0.36328125 0.12876236689726744 0.378125
4 0.7330907977136226 0.31640625 0.07960672852997774 0.2546875
3 0.5253288155694076 0.459375 0.09234307786604781 0.2953125
4 0.5176628030763758 0.753125 0.07092155405833438 0.1046875
3 0.3229810412707149 0.59296875 0.10487034894328655 0.3
3 0.2600169120768073 0.37890625 0.13126013212077386 0.2703125
3 0.42038171945479136 0.28046875 0.11251013212077385 0.2703125
3 0.4342725443939729 0.51953125 0.09553171037960499 0.30625
3 0.2854522075509347 0.18515625 0.10619649960721658 0.259375
3 0.029594655633899635 0.65546875 0.05344420432948087 0.3234375