7 0.68671875 0.9530360371845081 0.021875 0.045439765027114734
7 0.771875 0.9541031126146688 0.015625 0.045403403590795935
5 0.85546875 0.9543980284039094 0.0203125 0.03136817466803521
2 0.88046875 0.9550338326586354 0.025 0.03608294574527378
8 0.82109375 0.9538167663036609 0.040625 0.03617384933607006
4 0.56640625 0.9107672448336386 0.0703125 0.17228406615858277
4 0.27890625 0.31243987090428826 0.059375 0.2050329336450254
3 0.80625 0.3523406247149173 0.0625 0.24723861436318462
3 0.50234375 0.4392649495559029 0.06875 0.25508747579950325
0 0.1953125 0.4058949551150478 0.01875 0.03448408430895533
3 0.175 0.44273187978308287 0.0671875 0.27382838544042354
3 0.4078125 0.5351274162802198 0.065625 0.31131929508134404
3 0.5640625 0.692030880372258 0.0609375 0.29097952400410493
3 0.6484375 0.5306025009819587 0.0828125 0.24891928903121965
3 0.83984375 0.8240201819947055 0.1015625 0.34277837334017497
1 0.31484375 0.21769954264545702 0.0421875 0.08149543969514968