3 0.03911145521324365 0.665625 0.0782229104264873 0.290625
3 0.0972667844540335 0.87265625 0.1405442285299777 0.2546875
3 0.22874001913233127 0.7 0.08145102966144586 0.303125
3 0.38895185304850316 0.421875 0.09202491529826115 0.240625
3 0.41037233509452237 0.5 0.11249195140261463 0.2671875
4 0.5709563528521115 0.2921875 0.06215560811666876 0.209375
3 0.7597956181738137 0.46484375 0.13110559601642038 0.24375
0 0.5558439163784156 0.47265625 0.028343168617910662 0.0375
1 0.5525017895221991 0.24140625 0.05516019867214013 0.08125
7 0.9259099349215717 0.78359375 0.03781816256778683 0.0546875
2 0.9112520164018567 0.8859375 0.039280668617910665 0.0375
8 0.9644224681972549 0.878125 0.04553975897699018 0.0390625