7 0.63828125 0.9740259116840239 0.0296875 0.0454852168225127
7 0.71328125 0.9832816952542945 0.0296875 0.03343660949141096
5 0.78828125 0.993665204231285 0.0234375 0.012669591537429881
2 0.8109375 0.9945055415653025 0.028125 0.010988916869395026
8 0.75859375 0.9888640747427898 0.0421875 0.022271850514420422
1 0.4265625 0.32826291802873564 0.0453125 0.07213862041330898
4 0.38515625 0.36552202351312574 0.0609375 0.16129202400410508
4 0.38671875 0.8858436138722053 0.0921875 0.2099113311856975
4 0.96796875 0.5126627274498232 0.0640625 0.17693520472226432
3 0.96796875 0.6321939774498232 0.0640625 0.2097477047222643
3 0.63359375 0.391967390606785 0.084375 0.17080337939029935
3 0.54609375 0.3570833304983264 0.0796875 0.17233860831306042
3 0.51875 0.4834867492144331 0.0921875 0.1833488311856975
3 0.5 0.49744016490547766 0.0859375 0.21612496974937906
3 0.59140625 0.5667219509116354 0.09375 0.22085792154477701
3 0.43828125 0.5634873457218328 0.0875 0.21457156010845857
3 0.3484375 0.5996834000747547 0.1015625 0.21934087334017516
3 0.3359375 0.6121106772021179 0.10625 0.2412431444174139