0 0.36651895524350414 0.6638958909995685 0.0255090773392725 0.04389544574527378
4 0.1465326245624139 0.768873240728422 0.07500218936981651 0.26916815651766246
4 0.3438579933163644 0.12700896935659553 0.0429885733609078 0.20336134933607006
3 0.41711313263845584 0.21025326141287737 0.0809612880330894 0.2442045179539809
3 0.5525506459659562 0.2540128726528041 0.04647720003181668 0.2346295300542293
3 0.6393768419398664 0.4467185231203423 0.07503855203690737 0.27229315651766245
3 0.624251281269912 0.47085091470908597 0.09375218936981647 0.2692772408266178
3 0.5769126572645031 0.5104219539366974 0.07988968403881636 0.2863829275949012
3 0.717674017266094 0.49952133625386297 0.06608172270845251 0.3081761143631848
3 0.4289649585853219 0.6017549601832133 0.11488175469445334 0.20534200585373252
3 0.3732871232495493 0.6194010024358869 0.11379196936663476 0.24595791549465282
3 0.24509958326704853 0.48974025263227866 0.0840862880330894 0.24422269867214014
3 0.15146721459263976 0.5462306262670413 0.06871582670272561 0.26600679508134384
1 0.7721193533179552 0.11778097774441076 0.04484088001272664 0.09400453005422929
6 0.34943890121741444 0.8559970325883122 0.09100680800445433 0.03333974082661797
6 0.6190065138845053 0.854440119529546 0.03619203866963616 0.02208407825883114
7 0.5601673158816418 0.8751929810640604 0.04436816534054522 0.05337953005422946
7 0.43904629388132366 0.8768322282353902 0.04760225334181776 0.06277271077238851
8 0.49939344788355083 0.8607759570599555 0.05348862667090888 0.03155907220870731
5 0.48263266187941467 0.8911492582896194 0.022238626670908878 0.03137726502711473
2 0.5107485712126418 0.8920941347530527 0.028470445337363516 0.02985112646343282