7 0.6409622352005515 0.9799839784317819 0.027071577339272325 0.04003204313643636
7 0.722948031866688 0.9841356681269314 0.022293170671545327 0.031728663746137184
5 0.8025628065325062 0.9906174722834618 0.022147720003181704 0.018765055433076584
2 0.8267815565325062 0.9906811047970191 0.026835220003181705 0.018637790405961852
8 0.7705679191995971 0.9873697524358869 0.042532945337363515 0.025260495128226167
1 0.6331097552912291 0.3138605713249442 0.04142497867599957 0.06898634933607006
4 0.6321643259468661 0.39511057132494426 0.04891130935708983 0.1752727107723885
3 0.007619953970410452 0.5617778373340175 0.015239907940820904 0.251680674668035
3 0.08941901121900526 0.8427647378015557 0.13893742003499837 0.25860336123992694
4 0.08958209587846014 0.8958942829810954 0.09235222668681727 0.14896474082661798
0 0.709180264600594 0.4908775892789251 0.015970445337363515 0.02977840359079629
3 0.7229518632638668 0.5159594025106417 0.0650999306969986 0.22380111436318478
3 0.5249410772597306 0.54527822208707 0.07643742003499839 0.258239746876742
3 0.5487962005888217 0.576669122652804 0.0778362880330894 0.24418633723582167