3 0.7991044027291336 0.45092013255891406 0.11542719470081657 0.25287155601527206
3 0.7426453173933609 0.43360591056655007 0.07945333203372584 0.24932838534372675
4 0.8257198047024076 0.2537087778883233 0.09918402936027135 0.19956474267981755
4 0.32663325011931266 0.8752245299570476 0.12000560669954394 0.24355110001590816
7 0.36585992946367585 0.9560290872851841 0.0426965773392725 0.044240896005727136
7 0.1893701547978576 0.9643335779758193 0.041170440006363315 0.047347714672181594
2 0.41584174813013036 0.9538847846117298 0.03330339600572696 0.04256930800445424
8 0.46659572612981226 0.9509501412715029 0.055287484006999676 0.05219884667409076
5 0.5189303854630395 0.9495598165977304 0.033285214672181596 0.04100680800445424
3 0.8049304254455404 0.8173082012253685 0.10216467337681615 0.3214579240133631
3 0.44828843208940494 0.6534666139401846 0.09820333203372585 0.249546561346272
0 0.4852520827498143 0.6069365119350939 0.027144302673454135 0.05030908267027243
3 0.4406657414067238 0.5355705892743663 0.14665901336727102 0.2516726826861809
3 0.3602253580919503 0.6732438592855022 0.1824510626989076 0.2395908533577261
3 0.8653481154121326 0.570478107216778 0.10959536537236189 0.2887363306810903