4 0.7254732195529872 0.21983838143340284 0.10626922247985356 0.27248405405833437
3 0.09876579468856048 0.3255636022629363 0.15943058391617196 0.2790431262670414
3 0.11340254995311778 0.8271942799560333 0.15788626463433117 0.2821590359079618
3 0.21508166197861142 0.444986288834828 0.11283738504764011 0.32720791549465283
3 0.5794259631100795 0.4955418425003789 0.1487385236113216 0.3211669937534841
3 0.7916072796614457 0.30772017651474676 0.09556807181592361 0.313045421544777
3 0.6851815803019348 0.6797446465587134 0.14881124648395846 0.33366699375348396
0 0.7752969993126289 0.458401432564871 0.02366475897699054 0.039198855386194255
6 0.6651650378528694 0.8647781767111387 0.09546703610435348 0.027117011903856535
6 0.38561843841860344 0.8873697524358869 0.039226126463433084 0.028352258976990542
8 0.5113724173413645 0.8834140263417961 0.04238748789975162 0.03462043969514994
5 0.5318621793434172 0.9140009510098313 0.022038626463433176 0.028252265027114733
2 0.5021883148820365 0.9161719841873184 0.029842036104353476 0.026735216822512696
7 0.5762752546753822 0.8939475262436003 0.0519079336450254 0.059674981849627426
7 0.4482093420093996 0.9033583667990716 0.0519079336450254 0.05967498184962707
1 0.8581124818496274 0.05655310713471014 0.05528746369925486 0.1034431625677866