3 0.18984375 0.10142778202577155 0.1 0.11053860534690844
3 0.28359375 0.23845616203849823 0.1015625 0.2558692866804539
3 0.190625 0.5615931226925442 0.1203125 0.24358746268299925
3 0.2609375 0.5663175327020893 0.1390625 0.28599313868554466
3 0.36953125 0.6980498853834977 0.2015625 0.3085953920273624
3 0.596875 0.50772651941436 0.121875 0.2232931440165448
3 0.61015625 0.6891310607494961 0.15 0.23924540802036276
3 0.840625 0.7879065574474493 0.16875 0.195713584022908
3 0.66796875 0.06792877009067763 0.0953125 0.12142156134627213
1 0.55546875 0.7681822140754055 0.14375 0.21417268268618095
0 0.5546875 0.48770437340863293 0.0390625 0.05826703333863605