4 0.11953423253699844 0.40234375 0.09504083098930574 0.221875
4 0.42385253123257965 0.734375 0.08697380093507653 0.178125
0 0.5090421601318997 0.32578125 0.023673849336070064 0.040625
3 0.2616858919815271 0.27421875 0.0793885599120669 0.2171875
1 0.19786428649713694 0.2328125 0.0457670179539809 0.078125
3 0.3334603771508042 0.42578125 0.08412151170746496 0.225
3 0.3089638503180287 0.6078125 0.09205218637549999 0.2453125
3 0.4608626936039745 0.55 0.11413626463433121 0.28125
3 0.5466416332009284 0.44296875 0.0983112767345796 0.246875
3 0.6110126845287882 0.52421875 0.12501013212077386 0.2703125
3 0.6209240157144856 0.43203125 0.09975560206654457 0.2265625
3 0.6484319130587659 0.26953125 0.10913969242562409 0.228125
3 0.7195756600337038 0.2609375 0.1154987767345796 0.246875
3 0.8411319765850701 0.45 0.09202491529826098 0.240625
4 0.7654835785534189 0.15859375 0.08237720452587265 0.19375
6 0.4206361067609364 0.884375 0.1002818011314682 0.0484375
6 0.6857934741491831 0.83046875 0.0392352168225127 0.0296875
7 0.5096986067609364 0.884375 0.030014752926866173 0.05625
7 0.630919621788051 0.8625 0.05351588544042354 0.0671875
8 0.5676338266085112 0.86328125 0.056495439695149585 0.0421875
5 0.5580770194269189 0.89453125 0.02990566861791084 0.0375
2 0.5854525856836975 0.8890625 0.02989657825883114 0.0359375