6 0.2518542905041577 0.888348385931403 0.05021816861791084 0.037790891490547554
6 0.25710032670670707 0.9265978196746243 0.04556703005422928 0.04401362041330899
7 0.20650997424737905 0.8940807563447117 0.03303975897699045 0.0392533975406721
7 0.2117514652703886 0.9331114400879332 0.031486349336070064 0.040806807181592575
8 0.15492474834968 0.8982869881943392 0.048673849336070066 0.04090680113146803
2 0.1749872634749905 0.9411375635263042 0.02832498789975162 0.03453862646343318
5 0.14372817311591088 0.9428818707078965 0.02363748789975162 0.03451135538619425
4 0.3007160548439013 0.4122989703385542 0.07453743344863373 0.18948974687674217
4 0.9123161092950192 0.5634230495793441 0.0795703670936593 0.24889201795398072
3 0.7890922327333902 0.5274224379466338 0.09051695745273883 0.2505181504675381
0 0.6766745668459538 0.3796439889799061 0.023655668617910842 0.037636355386194253
3 0.7013518590986274 0.4349672932346322 0.09332379488495235 0.1958488311856975
3 0.6346865338648583 0.47988488349551595 0.08096015027114642 0.21921360831306042
3 0.6375433682720096 0.5259604527773567 0.07807149960721667 0.2598204275949012
3 0.5688933622218854 0.5091729285768599 0.08881810206654457 0.22707156010845858
3 0.5860399556060271 0.516104184626984 0.09991013817089804 0.2536976926220159
3 0.4422041180756178 0.39741379284184875 0.06503516842151917 0.16756020472226432
3 0.4174263109922213 0.4936484434075828 0.08413060206654457 0.22704428903121965
1 0.6264387383907308 0.28618942564999367 0.04572156615858276 0.0705761204133089