4 0.33988153133077553 0.8012231741770558 0.09072603571157005 0.28645565046753807
4 0.29681941608382806 0.27986125858420696 0.0746101563212707 0.20198974687674207
0 0.5082609101318998 0.32874925223949514 0.01736930718159222 0.03134999394987581
4 0.9042001240275461 0.35761615826617826 0.07310219847574828 0.21135565651766247
3 0.8510104497522946 0.6370036764165509 0.09691240319801295 0.27555451190385655
3 0.7560842900131783 0.5700429145126942 0.10150899960721667 0.2599567829810955
3 0.6616893953993725 0.5460554477883773 0.08274990924813679 0.2582851986721401
3 0.6120439194034778 0.48482705629782963 0.08114195745273882 0.2504636083130606
3 0.5342603287498106 0.2913992431643089 0.07185786104353512 0.26603406615858277
3 0.5177404492613153 0.3108350443939729 0.050809041958086 0.13935339149054773
3 0.5451841932111912 0.2938066256778662 0.10497034289316236 0.31778746369925476
3 0.5444019014494967 0.5625611708574061 0.1078499031980126 0.2756181444174139
3 0.42279052186280575 0.5165396228491959 0.1546430899662962 0.2618283551898026
3 0.09040422697785355 0.7099249667243168 0.12829875858420697 0.29917381908544893
1 0.35040347921734877 0.20126408079291397 0.04418633723582168 0.07525453005422929
6 0.7777082633767947 0.8818980198988886 0.04866475897699054 0.03934430113146803
6 0.7719758929634857 0.9271787036421099 0.04710225897699054 0.03933521077238851
7 0.8323594019404762 0.8884661824666751 0.028352258976990185 0.03922612646343282
7 0.8266133959885478 0.9360906162098963 0.02836134933607006 0.04078862646343282
8 0.8877690646064587 0.8989451402140016 0.0392533975406721 0.033039758976990186
2 0.8679969200908488 0.9402377607255061 0.026726126463433177 0.028279536104353298
5 0.8960946490136099 0.9450888871889394 0.020494307181592574 0.03136817466803521