4 0.7734375 0.24434347774441076 0.0859375 0.21924996974937896
4 0.58984375 0.7081191105525557 0.084375 0.15986587939029934
4 0.040625 0.28773634933607006 0.08125 0.21609769867214013
0 0.15078125 0.39150221965118315 0.0265625 0.04234203610435348
3 0.24765625 0.2623783219141194 0.0734375 0.19105224687674208
3 0.171875 0.5283436894987579 0.1078125 0.2928147347764936
3 0.271875 0.5289254724798534 0.1125 0.24127950585373253
3 0.33046875 0.5198913609453392 0.1 0.29433178298109547
3 0.3359375 0.37461067720211777 0.0890625 0.23801815046753827
3 0.45546875 0.2807748396717086 0.1015625 0.22871587334017515
3 0.578125 0.20336343285945854 0.0734375 0.14261474687674208
3 0.6078125 0.33166114968197125 0.0984375 0.24744769262201594
3 0.775 0.4701338181034904 0.1140625 0.24285109621281203
3 0.7796875 0.6623485891807291 0.1265625 0.23979881908544912
1 0.615625 0.1309253514773694 0.0515625 0.08311248184962738
6 0.70390625 0.8158139567653677 0.096875 0.036501102262936416
6 0.4265625 0.8665441680287357 0.040625 0.031486349336070064
8 0.55234375 0.8493071919346449 0.0453125 0.03776362041330898
5 0.575 0.8783452521412993 0.0234375 0.029823855386194253
2 0.54609375 0.8844270804983264 0.0328125 0.0298783975406721
7 0.6171875 0.8543719418364489 0.05625 0.06438975292686636
7 0.49140625 0.8762964179305399 0.05625 0.06438975292686636