1 0.24453125 0.3397038911959602 0.0359375 0.05958407825883123
3 0.36171875 0.3630419181269315 0.05 0.13935339149054773
4 0.12890625 0.5585624546240685 0.0578125 0.21439884328594588
4 0.3046875 0.8906346112399268 0.065625 0.21873077752014644
4 0.85078125 0.38463720051885186 0.0375 0.16740566861791084
3 0.7875 0.4756752909761273 0.0625 0.19255111436318478
3 0.69375 0.5727861194313503 0.075 0.21293633723582167
3 0.671875 0.5937526044042356 0.0515625 0.21436248184962742
3 0.53203125 0.5804390172666098 0.065625 0.22069429508134383
3 0.6578125 0.7655457911725191 0.0890625 0.22864315046753828
3 0.72578125 0.7675037217924825 0.103125 0.27716246369925485
0 0.76796875 0.6786866614876321 0.0203125 0.03605567466803503
3 0.08828125 0.8223886052879983 0.0734375 0.2441772468767418
3 0.240625 0.7303061652982612 0.0640625 0.2425602047222643
3 0.34140625 0.4824549934588965 0.040625 0.19867384933607007