4 0.18536428649713693 0.23498516935868063 0.0698226623713949 0.18517497867599958
3 0.3099637898167867 0.439573766709089 0.12318401170746496 0.22641814401654461
3 0.23691613349551596 0.6402999253659984 0.11553513817089804 0.25445223734881744
3 0.31242169018612903 0.28568569804263444 0.10893970452587265 0.19500451201463562
3 0.7327149677062754 0.5624696580999045 0.10289878278470396 0.2308692866804538
4 0.37202641081927074 0.7840692013844522 0.08538402985783762 0.17441929201145392
0 0.7064342688377436 0.5137230754296319 0.018913626463433177 0.028343176002545257
3 0.4002655611886131 0.6304811247214974 0.09676695745273882 0.2511090613462722
3 0.3829296329063408 0.25291010805217945 0.09953743344863372 0.1902079240133631
3 0.6455381963344491 0.37159866275458686 0.10103630093507654 0.17928860534690844
3 0.4619984676080797 0.49447144672976984 0.07143970452587248 0.1945681600095451
4 0.7925995486955812 0.34127645810785867 0.08220448770335978 0.1650079293443631
1 0.9180131600337038 0.2716372147914942 0.03941702400410492 0.061392033338636055
6 0.274337823681645 0.9227857087046345 0.05336134933607006 0.04124316534054486
6 0.4179423779363711 0.9494583913908154 0.058067030054229286 0.04442270934118149
7 0.34691680562946825 0.9369123907144978 0.07371021077238851 0.04772952267663584
7 0.4913207906023535 0.9604691640674513 0.07058521077238851 0.04769316000954475
2 0.5631367032683361 0.971461755410542 0.03459316861791066 0.03789998933799978
8 0.6318276159343185 0.9805075757081344 0.05337043969514958 0.03898484858373123