3 0.43359375 0.6521649253554062 0.096875 0.1896261022629364
3 0.6109375 0.42535191959986945 0.0640625 0.2347477047222643
0 0.64375 0.5173485220591975 0.021875 0.037627265027114734
3 0.646875 0.4446740913410382 0.0546875 0.22844316256778666
3 0.575 0.5185297478587007 0.0796875 0.23015110831306043
4 0.1171875 0.6305682230690286 0.040625 0.25179884933607005
7 0.30703125 0.932588744440855 0.025 0.040770445745273776
7 0.23125 0.9345921268562165 0.0234375 0.039198855386194255
8 0.18828125 0.9356233617309062 0.0375 0.03459316861791066
5 0.1578125 0.9389256237329586 0.0203125 0.029805674668035208
2 0.134375 0.9390619791191529 0.025 0.031395445745273774