7 0.3226639127943578 0.940625 0.023928396005726958 0.0421875
7 0.2477093661282214 0.94453125 0.023928396005726958 0.0421875
5 0.17274572879531225 0.94765625 0.019077264003817974 0.028125
2 0.15011675079563042 0.95 0.02381930800445433 0.0328125
8 0.20319629746176684 0.94609375 0.03944430800445433 0.0328125
0 0.5391641393618624 0.21015625 0.012772720003181703 0.0234375
3 0.5425169533736345 0.296875 0.04416926535645338 0.1703125
3 0.5704243247135433 0.3453125 0.06313744135899882 0.1890625
3 0.7514834207113161 0.32890625 0.04396927068745349 0.153125
1 0.7311885547024074 0.26328125 0.035102253341817755 0.0625
3 0.7224248187459963 0.584375 0.0479124306969986 0.2234375
3 0.7435651167647682 0.72265625 0.08141582137172562 0.2828125
4 0.6680662247771767 0.8140625 0.06860673870145284 0.25625
3 0.42822192743472254 0.746875 0.07329423870145284 0.25625
3 0.47327879408017814 0.590625 0.04967492536599849 0.240625
3 0.4554816720639517 0.47109375 0.07285788669636233 0.21875
3 0.31132313940163325 0.503125 0.06192038669636233 0.21875
3 0.33850380474217834 0.55625 0.05725106802990769 0.2203125
3 0.1559276620782691 0.5765625 0.05881356802990769 0.2203125
4 0.0380572673854067 0.38359375 0.05692380402608971 0.1921875