3 0.7816623640594973 0.44279915846257 0.11873400803627092 0.26786018657189176
3 0.7212606660566337 0.42135542963800476 0.07963514536918019 0.2645079275949012
4 0.8135919746976349 0.2328428963623216 0.10245448002863497 0.21151928298109554
4 0.27031961545190364 0.8740192829810954 0.12325787603436203 0.2519614340378091
7 0.3088741327975394 0.9657942134046671 0.044277258672817864 0.04556703005422946
7 0.12064742679817578 0.9693863251355733 0.04275112133990877 0.04868293969514994
2 0.3619991327975394 0.966103285613374 0.03333975867281787 0.0455033975406721
8 0.41744970146399396 0.9648634933607007 0.05843066534054522 0.05346134328594587
5 0.47214629213076675 0.9659629059284873 0.034865896005727134 0.04238748789975162
3 0.7814838347787676 0.8302718873853312 0.10231012404517976 0.33338519262201594
3 0.4020219594207233 0.6460453156676035 0.09996582670272555 0.2661886022629364
0 0.4436458380808144 0.5978532553627531 0.027198846674090404 0.054842036104353474
3 0.39664302140354224 0.5194600897699044 0.15152832670272556 0.26648858411256365
3 0.30848104475649585 0.6634686441228265 0.19042719470081657 0.252653343089554
3 0.8503589147437692 0.5728775439029936 0.11295672270845251 0.3084488251355733