4 0.6822607060391346 0.29618103942549573 0.06753404002227174 0.16482611600890867
3 0.44999583541531446 0.6090606580601335 0.12104084802672599 0.1982567813494537
4 0.6588810340944956 0.7036662754216778 0.07067722135581711 0.16642497867599956
3 0.26294872672658814 0.4444061700349984 0.06119313335454448 0.15694089067472686
3 0.5048015140833598 0.6198532547342241 0.10250902402927124 0.21678860534690844
4 0.10254702872372465 0.42144883334659033 0.0628101773551808 0.1616465720082724
1 0.6236936806969986 0.23066458008431429 0.03501134667409058 0.055087489337999784
6 0.76168041211804 0.878276471435359 0.05361589600572696 0.04280566534054486
6 0.6245531294557216 0.9087077640833598 0.05835794000636341 0.047547709341181486
7 0.6931122254534945 0.8931014927593595 0.07401930267345413 0.05085452267663584
7 0.5544133521244033 0.9227333540738147 0.07089430267345413 0.050818160009544755
2 0.49127755279276697 0.9344970100652242 0.03481135200509069 0.03789998933799978
8 0.42740595679499405 0.950157825389861 0.06611589600572713 0.04295111600890848
5 0.3658417481301304 0.962720912714816 0.026980670671545238 0.036246582670272434
3 0.5294356980426344 0.32018051873804215 0.08483062802354446 0.17440111067790856
3 0.48067093403881633 0.2914918973981334 0.08323176535645338 0.17125792934436318
3 0.40349990670749813 0.3054356713876339 0.06740677068745367 0.15388861600890866
3 0.47232317938413393 0.3796640593968607 0.08639312802354446 0.174419292011454
3 0.440428836728179 0.45818850139240636 0.09558631468808994 0.1589033800127268
3 0.4006765407383604 0.5327157867202248 0.09765789202736244 0.202671561346272
3 0.37094358740449673 0.5284640913828614 0.09464198002863507 0.21201019867918128