7 0.655730951463994 0.9625 0.028634077339272323 0.04375
7 0.7300860614655849 0.97421875 0.0286340773392725 0.04375
5 0.8052133308004029 0.98515625 0.022220445337363514 0.0296875
2 0.8278786714671756 0.9859375 0.026889764003817974 0.028125
8 0.7754712867997666 0.98046875 0.04262385200509069 0.0375
1 0.4163726240451798 0.3328125 0.043005660009544935 0.0703125
4 0.3769652260502704 0.3703125 0.056541996021635385 0.159375
4 0.4025054067870399 0.88671875 0.08679311736154424 0.2078125
4 0.9643390514003606 0.49375 0.06609880935709 0.175
3 0.9677891260343621 0.6109375 0.06442174793127578 0.209375
3 0.6240402207192703 0.3875 0.08007040268936265 0.1671875
3 0.5346050033815887 0.35546875 0.07541926535645356 0.1703125
3 0.5142208727323151 0.48359375 0.08802835335772627 0.1796875
3 0.4964066640674515 0.496875 0.08217834269572606 0.2140625
3 0.5901390300763601 0.5625 0.08846470536281678 0.2171875
3 0.4386038020766783 0.56484375 0.08372266136218051 0.2125
3 0.35156742608208713 0.6046875 0.09469652402927142 0.215625
3 0.33998503608367797 0.61640625 0.10120106269890758 0.2375