7 0.2521383179070987 0.9018148492998197 0.025245439695149675 0.04247840133672724
7 0.17865536611170058 0.8948568719764556 0.026807939695149673 0.04249658267027243
5 0.10282411913676268 0.8871449166534099 0.020485216822512742 0.029923857336090976
2 0.08015423359814325 0.8850647959898186 0.025199987899751575 0.03466590133672724
8 0.13331104985492193 0.8899153806492736 0.03926248789975162 0.03482953333863605
3 0.2007156767111385 0.657865401973274 0.08109650565734076 0.24311474801081764
0 0.7029367068635637 0.6309263532384135 0.017342036104353475 0.02676249466899989
3 0.7549981348512483 0.4474956878978683 0.06656130698520073 0.16170111600890866
4 0.7797390596174794 0.4026735365611412 0.03846357806243965 0.1660613520050907
4 0.3882661945669235 0.7986614826145934 0.06836924668035031 0.20390679734245404
4 0.30773224941082483 0.38550804929186555 0.04464994554888211 0.1551965773392725
3 0.5316282916634985 0.3274302779280942 0.07124880698520072 0.16175566000954503
3 0.5025498457218328 0.43246322326545766 0.06038402985783762 0.17412839067472685
3 0.6313384419346448 0.5450348539147312 0.08696471057599667 0.17756247334499947
3 0.7060435261454044 0.6277649905713225 0.07777151775758924 0.20870338534372673
3 0.5953201704646226 0.8001587059198219 0.10921241529826116 0.24187951201463562
3 0.5550531978865731 0.593581989258458 0.07758062021691714 0.17589088534372674
3 0.47411227009528023 0.6476524186028211 0.0778260599120669 0.21807838534372675
3 0.3678799299325923 0.5176296586171386 0.07932492739850953 0.2071590666772721
1 0.3681743248409856 0.2996427272835932 0.03469316256778665 0.055087489337999784