7 0.3017479533475222 0.9735976230455876 0.022129530054229286 0.04387726502711473
7 0.22052976960430087 0.9783343386992549 0.017442030054229285 0.04333132260149029
5 0.14165079068153974 0.9828221112399266 0.020485216822512742 0.029805674668035208
2 0.11665533586107954 0.983098846311008 0.025199987899751575 0.033802307377984064
8 0.1736684051429203 0.9806647136010589 0.04083407825883123 0.03617384933607006
3 0.8669042789740746 0.762049128211949 0.0985748971478884 0.29275110226293644
0 0.7119612071581513 0.4486582730221464 0.023682939695149584 0.04232385538619425
1 0.6039163821207738 0.27381683342519264 0.04260565651766246 0.07212043969514967
4 0.6339811320225779 0.33883330024770536 0.04317834913967822 0.17055793969514976
3 0.6508060594210875 0.5451742038385016 0.09359650565734086 0.2427238311856975
3 0.6778685291704665 0.631266239942855 0.13277718032537572 0.26326359016268785
4 0.541854802879984 0.884262412273199 0.0779260538619427 0.23147517545360188
3 0.03661733615566714 0.7884676023611321 0.045322632120773865 0.27056703005422944
4 0.025810083719780226 0.40794885538619424 0.04814765027114648 0.2190227107723885
3 0.22097259279496653 0.3833039002711465 0.05905787919390768 0.21439884328594588
3 0.36014417710392194 0.4028629422292324 0.062201059912066904 0.2175420240041051
3 0.34074525819142354 0.5597760175611974 0.09051695745273883 0.2505181504675381
3 0.22950829722264326 0.6419385568870049 0.07010446350286301 0.23321247579950324
3 0.7041174117822198 0.5775145260472085 0.081305583916172 0.2785886083130606
3 0.517839023316734 0.517839023316734 0.0764271863754999 0.2457488372358217