6 0.41915541999265293 0.8678444675098838 0.09396816861791084 0.03804542154477701
6 0.6843036970218201 0.8139599016458885 0.0392352168225127 0.029914758976990186
7 0.5097622392744936 0.8704422266832659 0.048782933645025395 0.059656801131468026
7 0.630211094660688 0.8463047690341353 0.0519170240041051 0.06123748184962743
8 0.5653855253788472 0.8435570189359396 0.04396816861791084 0.03775453005422946
5 0.5573821278381752 0.8764149707313376 0.017342036104353475 0.02666249394987581
2 0.5855298537358743 0.8723450942679044 0.025172716822512698 0.029832945745273776
1 0.29523471106697613 0.14593362695441242 0.04891019867214012 0.08153180113146812
4 0.06854792857685992 0.5714568434823375 0.09838399960721653 0.2599386022629364
4 0.6609576214934634 0.6641008022116226 0.09499537919390769 0.214607921544777
4 0.6618727652235064 0.10444101854315609 0.08246810811666876 0.20888203708631217
3 0.2933115792407898 0.6107728317748726 0.10949421642972927 0.2896897347764938
3 0.3146780400131784 0.5637751119272978 0.148420361043535 0.2664794937534841
3 0.3949518681738137 0.4625302536142373 0.1201862767345796 0.24756586729005098
3 0.4122802687395478 0.43821150966436145 0.10167262607064967 0.28808178298109544
3 0.5311631207078966 0.14612348273339015 0.08550220452587247 0.19424087939029935
3 0.5706154643866258 0.34744963339732016 0.1465851502711466 0.21959540339440445
3 0.625175178478664 0.5033769256499937 0.12177604781181835 0.2522624576491307
3 0.7092688982280431 0.41695309143923415 0.10445219242562427 0.22872496369925469
3 0.7443433349963264 0.43081105835994277 0.14842945140261463 0.268041993753484
3 0.8739364279876847 0.17772189891541407 0.09662151170746505 0.22555451190385672