3 0.7396633627128647 0.8280553445655956 0.17846238504764003 0.3286169906906352
3 0.6822775887087597 0.8896564632400044 0.09181583703942983 0.20574201734563574
3 0.6245201517440844 0.7465882632479584 0.3013009631100797 0.49566013470717996
3 0.5737479921031641 0.7456166565881854 0.3872566438282387 0.49978510805217946
3 0.22520595297374846 0.7676398439688196 0.2366930415653025 0.4011647000318167
3 0.15140029343102396 0.8317756166454554 0.0997828731437834 0.23239542401336308
7 0.40706396527038863 0.9295751279440025 0.04884656615858276 0.07087612133990859
7 0.46717021829545063 0.937468896602503 0.04256929508134384 0.06611589600572713
2 0.4277355344540335 0.8676200206079118 0.10026362041330898 0.046476105346908624
8 0.5042071308632373 0.882354135264185 0.04084316861791084 0.03797271467218159
1 0.9480733647559682 0.1858298398711423 0.10287151170746504 0.2261817866804539
1 0.3328593716898552 0.793729081954184 0.026826120413308986 0.04562158267027243
0 0.6406849863476275 0.9221695185789585 0.09925563231716553 0.1417704240133631