4 0.3882661945669235 0.8008933168459539 0.059421493557092295 0.2768988432859459
4 0.26974137002052545 0.3031285034178456 0.05426129488495217 0.19562157220870705
0 0.4815555687908614 0.3183030097625574 0.014235216822512697 0.02976931323171659
4 0.8688919423274284 0.2879236007108122 0.05118174668035032 0.20341589149054773
3 0.8587912762436002 0.5661167784039093 0.06716127068445558 0.26444429508134404
3 0.7569287943939729 0.5151451517440845 0.0748828670936593 0.24886474687674198
3 0.6615572070599554 0.5055434136479411 0.0545703670936593 0.24874657220870694
3 0.6042259752103281 0.4543127117543472 0.05453400565734086 0.24249657220870696
3 0.5008550146343312 0.2783456302740622 0.043687409248136785 0.2580579396951497
3 0.48848227966144575 0.3002933531466991 0.03514768052176755 0.13301248789975162
3 0.5118016049934108 0.27984449776050485 0.07209421037960517 0.30665906615858274
3 0.5508106046006274 0.539001329142594 0.0780987706844554 0.2645079275949012
3 0.42643731849627386 0.5131615126894236 0.12642718637550007 0.24603972872636942
3 0.13326962235821652 0.7492500453759315 0.09696694535249044 0.28492951190385674
1 0.3098709454506863 0.2177359040817755 0.03634656615858276 0.07052157825883124
6 0.8242991433372595 0.8147633566627406 0.043949987899751616 0.034629530054229106
6 0.8245582185710287 0.8592946066627405 0.042378397540672096 0.033057939695149585
7 0.8774150529781799 0.8128917844540335 0.02520907825883114 0.03608294574527378
7 0.8792502637505685 0.8597576940949538 0.023655668617910665 0.037636355386194253
8 0.9328928933372594 0.814131576706707 0.03610112646343318 0.028334078258831143
2 0.9198661733914889 0.8579588447588838 0.023582945745273774 0.025136355386194253
5 0.9479911733914888 0.8577952182954508 0.015797716822512697 0.02977840359079593