7 0.6611729503224602 0.9728416805776859 0.02991475897699054 0.03940794533736351
7 0.7401201069383184 0.9789547732336409 0.031395445745273955 0.0253636266709087
8 0.7885894231950971 0.9838599018937323 0.04383181323171641 0.014571577339272324
1 0.42368398145684394 0.30602853994272994 0.047311337235821684 0.07554544000636332
4 0.38094703561337423 0.3463722766152296 0.061919258780598695 0.1694590720082724
4 0.3958019594958423 0.8852984166136387 0.0902260659621911 0.20103633601209053
4 0.9816277707826512 0.4792162132002334 0.03674445843469769 0.18482953333863605
3 0.6427975958200286 0.36598315324636765 0.08541130093507636 0.1791067920114541
3 0.5488385175611974 0.33113653325909437 0.08073289129415606 0.18061474801081764
3 0.5238435836215845 0.4665927752625942 0.09486811416679294 0.19327838001272662
3 0.5051753968533009 0.4808734512651395 0.08881810206654457 0.227580654678545
3 0.6024640081914235 0.5508399585853219 0.09665787314378349 0.23235906134627218
3 0.44153105337096327 0.5534938859405028 0.09037151170746505 0.22603633601209036
3 0.3480174027070334 0.5952097659532294 0.10446128278470379 0.23088746801399934
3 0.33559012557967033 0.607855216621593 0.10928513817089805 0.2543795120146356