6 0.26093437471491726 0.8093408267027258 0.10023634933607006 0.04178860534690827
6 0.5434332573266705 0.866537898074451 0.04236930718159222 0.03174089600572714
7 0.34820711573792684 0.8494214813812706 0.05348861436318471 0.06311816534054522
7 0.4769724651721928 0.8751401913987695 0.05506929508134384 0.06626134667409075
8 0.4154173416356258 0.8462970287237248 0.056495439695149585 0.042842028007635945
5 0.39336962481311316 0.8757299900540885 0.02677157825883123 0.036246582670272434
2 0.42145826337679465 0.8823072540579064 0.03456589754067192 0.033212489337999786
0 0.7985359313073344 0.39525543344204045 0.023646578258831142 0.036210220003181706
4 0.8019705243968887 0.2077827054423586 0.0871919695529872 0.21662497334499947
3 0.5522750514260558 0.15252994207508747 0.08720105991206673 0.21818747334499947
4 0.5755604769778536 0.7161202747453601 0.10431583703942984 0.20588746801399935
3 0.8530507144848217 0.425579280116131 0.13576582493918146 0.24062609468490823
3 0.4758802021881815 0.25711689739813337 0.0887726502711466 0.2197681546785449
3 0.43186203659533284 0.30270157005886095 0.10297150565734067 0.2433692866804539
3 0.4683671631569618 0.3398475813971789 0.12803513817089804 0.2545976880171811
3 0.5489035699692119 0.463449260741542 0.10930331888905727 0.25750451201463564
3 0.6096728983262389 0.4930645827498144 0.12179422852997775 0.25608746268299926
3 0.6477365005891752 0.39662593475490504 0.0998646863754999 0.246457924013363
3 0.11930645267916087 0.5772084846833174 0.09673059601642038 0.244859061346272
3 0.23375529294004466 0.5121294720321349 0.12800786709365922 0.24991018801718107
1 0.38928923809614335 0.09984874271958848 0.05206246974937896 0.08653748400699968