7 0.6563990919112037 0.9731975254216778 0.034629530054229286 0.04414998933799978
5 0.8057269262201592 0.988965786720225 0.022056807181592218 0.022068426559550148
2 0.8291780617587786 0.9914458967218156 0.0220295361043533 0.0171082065563688
8 0.7760167003224601 0.9860268717178385 0.03301248789975162 0.02794625656432288
7 0.7345786340656815 0.981093923714975 0.03462043969514959 0.037812152570050016
4 0.7599689986252579 0.911966934715134 0.08232266237139481 0.1760661305697319
4 0.03270549921443309 0.5190954453373635 0.06057492739850954 0.20694089067472704
3 0.08002138162979455 0.5954221353437268 0.0811237767345796 0.24780224801081766
3 0.207873670857406 0.5500380046944533 0.07310219847574846 0.21177384134309046
3 0.3987157977136226 0.321024308720543 0.05713176483072289 0.15221702800763603
4 0.5926657856133742 0.3576537940801781 0.04769313231716552 0.1411704400063633
3 0.40619702048806366 0.39844987472149745 0.054197662371394985 0.18499316534054522
1 0.2938192194547914 0.28386865937299816 0.03784543364502548 0.05981135200509069
3 0.3426804629136878 0.6258203493793616 0.07151242739850953 0.20706816000954512
3 0.39816791451269423 0.7639566960534521 0.10620558996629618 0.2621556493475447
3 0.7739163064942213 0.494128738104677 0.06029312626704133 0.15850339067472685
3 0.652899824546398 0.506000934754905 0.06196471057599684 0.1772715720082722
3 0.7028139870159889 0.6261048967615865 0.07456470452587247 0.19460452267663583
0 0.8189525923039872 0.7157315654439494 0.020476126463433175 0.028361357336090798
3 0.8469276013791734 0.6902775794477675 0.08239538524403187 0.1978204293443632