6 0.7921875 0.9211724379466337 0.053125 0.04093407220870695
6 0.78671875 0.9641730042034127 0.05 0.04872839149054755
7 0.84140625 0.9279173416356258 0.0359375 0.04239657825883114
7 0.834375 0.9717082482514842 0.034375 0.043949987899751616
8 0.89609375 0.9338491790678394 0.053125 0.04562157220870731
2 0.8734375 0.9777309892744939 0.03125 0.034556807181592576
5 0.90703125 0.9783167965542819 0.0265625 0.032967036104353295
0 0.9171875 0.6423202092202643 0.025 0.04389544574527378
3 0.928125 0.6563190767067071 0.0953125 0.24899201190385672
4 0.9421875 0.6038935134749905 0.065625 0.22538179508134384
3 0.709375 0.6193104769778536 0.06875 0.2644624757995032
3 0.58359375 0.5044172508837628 0.140625 0.2445681323171657
3 0.5765625 0.38961440749962106 0.075 0.20512383723582167
3 0.2890625 0.39284953357027075 0.0875 0.22082156010845858
3 0.29609375 0.2779648769544124 0.0671875 0.21601588544042355
3 0.240625 0.40485008470173883 0.08125 0.21922269867214011
3 0.4421875 0.6208649283804683 0.1375 0.2742374515990065
3 0.41796875 0.5819433289462023 0.1140625 0.285038596212812
3 0.43984375 0.6200973139190877 0.1 0.30526928298109546
4 0.28359375 0.2577250998270494 0.0546875 0.17531816256778665
4 0.32890625 0.7043364794137406 0.0875 0.2708215601084586
1 0.6640625 0.2336365973911625 0.0453125 0.07057612041330899