2 0.11179691706578669 0.9279261000159084 0.022056807181592353 0.031504538669636165
5 0.13443953152716728 0.9305334793523172 0.017351126463433085 0.028324994668999893
8 0.16492191706578668 0.9285442653564535 0.03459316861791084 0.03789998933799978
7 0.2071139622453265 0.9282539113621805 0.03303066861791084 0.037881808004454245
7 0.2844577122453265 0.92915388737268 0.03461134933607006 0.041024989337999786
1 0.6562353226996864 0.27874809142263224 0.03470225292686635 0.056649989337999786
4 0.7468916180756178 0.40871794943504086 0.040153343089554025 0.18795453333863604
4 0.3232910124930319 0.2975317173774525 0.04149767447164336 0.1504727146721816
4 0.29754404040596183 0.8285180880410437 0.050763590162687854 0.13183180267345448
0 0.29100471155795543 0.47529309070654363 0.015797716822512697 0.029869313335454527
3 0.3097774374556545 0.47160501670908894 0.08377607806243947 0.16658861067790856
3 0.3451382205349459 0.4368578467138614 0.06695219242562418 0.22888861600890867
3 0.32197797648687426 0.3889288767106798 0.032249939498757915 0.1722386266709089
3 0.2486677415139889 0.3661993540340439 0.0353567587805987 0.1691499893379998
3 0.20066501610726917 0.6937880046944532 0.06698855386194262 0.23513861600890867
3 0.3481945219610016 0.5829970500477251 0.044995379193907684 0.21457157733927232
3 0.5660456181738137 0.4714617554105419 0.06993174668035032 0.20392497867599957
3 0.6561706484244347 0.5584537727561777 0.051218108116668756 0.20995680267345412
3 0.7094865459651067 0.5262594380967228 0.03879083098930565 0.2223113520050907
3 0.8669621817983139 0.7202923434515854 0.06700673458010158 0.23826361600890883