2 0.14033321813331207 0.9812812953759316 0.02381930800445433 0.032948855386194256
5 0.16456105880008476 0.9819216448101976 0.020657945337363426 0.029805674668035208
8 0.1973190147994484 0.9770432472695255 0.03172271467218155 0.04080680718159222
7 0.24182299279913028 0.9744404220357564 0.023946577339272503 0.04388635538619425
7 0.3238087894652667 0.9700569281840764 0.028652258672817864 0.04547612646343282
3 0.2728793520846325 0.621892138956465 0.1116305800445434 0.3287522347764936
3 0.30899702339272456 0.4357319251590144 0.076582870703362 0.27073974687674196
3 0.3341424740610881 0.4480864794137405 0.09255331604072543 0.3005181504675381
3 0.4202992447485417 0.6007206000234412 0.12153174403245312 0.23975336729005078
3 0.3721895560948138 0.6963194463344491 0.0959692173774525 0.32553633118569747
3 0.7936372947564958 0.6571462993829523 0.11101241470399828 0.2756272347764936
3 0.904775884110404 0.808072474247379 0.11330216804581603 0.3381363251355733
3 0.9306725760661788 0.4821185074248663 0.1280726453691802 0.2647897287263694
3 0.8374487400540884 0.39359233861056375 0.10005673337045273 0.27400110226293634
0 0.4871969380967228 0.7097138049420971 0.02549089600572696 0.04233294574527378
1 0.29290730470240744 0.26159498839073086 0.05412497334499946 0.08624657220870695