8 0.7817957996775399 0.9857089720520203 0.04239657825883132 0.028582055895959257
7 0.736528751472938 0.9807942053827023 0.02991475897699054 0.03841158923459531
2 0.8348980737798408 0.989193053389543 0.02518180718159222 0.021613893220914095
5 0.8114696641389205 0.987494193387952 0.02519998789975162 0.025011613224096153
7 0.6592440888069555 0.9702361574235867 0.029942030054229286 0.044095445337363516
3 0.1232894498504905 0.6983567786839538 0.08714651775758915 0.20881247334499947
3 0.32993540135130095 0.4984038740451798 0.0965669695529872 0.216734061346272
1 0.3695074823406067 0.27697431671704315 0.03788179508134402 0.0660613520050907
4 0.362989316747758 0.32299534138286135 0.04783857806243948 0.16617044000636333
3 0.39033254586691085 0.45769760538667936 0.08413060206654457 0.22752611067790857
3 0.4393740338648583 0.4887390673933609 0.06533515027114642 0.2194954346753633
3 0.47822291042648735 0.5259123507319969 0.06837833703942983 0.20546929734245403
3 0.4976990973911624 0.6698987080680878 0.09030787919390768 0.21509883601209037
3 0.5245110613850048 0.7616231314051329 0.08723742134838534 0.22443747334499947
4 0.3212724318965096 0.7787908080442252 0.07619083703942993 0.20556020401018138
3 0.7192297055078312 0.4630872760979955 0.06046584308955403 0.18819089067472702
3 0.7653280006873711 0.4628423754375861 0.07931583703942983 0.20559656667727227
4 0.9264882144848217 0.42643380279276694 0.09007152985783762 0.17447383601209038
4 0.8820877329297818 0.6720275661202673 0.0872828731437835 0.23224997334499947