2 0.98828125 0.8997190978821419 0.0234375 0.039198855386194255
8 0.86484375 0.9199684862494315 0.034375 0.04082498789975162
7 0.8984375 0.8166480435292197 0.0546875 0.06281816256778683
7 0.96171875 0.8069048839864953 0.05625 0.06282725292686635
3 0.1375 0.2749812984009936 0.0734375 0.21292724687674197
3 0.42578125 0.6951791271508041 0.109375 0.2506363251355733
3 0.35 0.5987450095661656 0.0734375 0.245739746876742
3 0.2890625 0.3600370335702707 0.05 0.15810339149054772
4 0.54921875 0.23821098878351438 0.05 0.16435339149054773
3 0.575 0.3380609978587007 0.06875 0.16602497579950323
0 0.71796875 0.32082298000291565 0.0171875 0.02509999394987581
3 0.753125 0.30264969692362426 0.084375 0.16142837939029936
3 0.771875 0.29550936261466887 0.0984375 0.17401019262201595
3 0.84375 0.32477870609700643 0.0796875 0.18483860831306043