6 0.58203125 0.8989600467456782 0.096875 0.04487724267981754
7 0.49140625 0.9033742794000424 0.046875 0.06148294000636341
8 0.43515625 0.8769385013924064 0.05625 0.042842028007635945
5 0.4453125 0.9098691800604517 0.025 0.03310340133672725
2 0.41875 0.9064350973901792 0.028125 0.033139764003817976
7 0.371875 0.8793271573838158 0.05 0.06151930267345449
6 0.3171875 0.8482220607097254 0.0390625 0.03170453333863606
4 0.28984375 0.72993513737268 0.0609375 0.12570907200827222
1 0.69765625 0.3088992154280411 0.04375 0.0676965773392725
3 0.81171875 0.5688202027768586 0.075 0.16962270401018137
4 0.91171875 0.7410775581237671 0.0765625 0.22432838534372693
0 0.69375 0.2994787620941775 0.0203125 0.0299238573360908
3 0.6984375 0.49718955609481374 0.0921875 0.20107269867918126
3 0.65546875 0.49043956942231415 0.09375 0.27296588001272665
3 0.6609375 0.6475344540897232 0.1203125 0.24046246268299926
3 0.61484375 0.5110606047501325 0.090625 0.20417951734563572
3 0.56328125 0.5088981207431329 0.0828125 0.17752611067790855
3 0.4953125 0.6581072327339059 0.1015625 0.22149428668045382
3 0.509375 0.337177114735815 0.0828125 0.16190111067790855
4 0.42578125 0.2697981633911337 0.075 0.19306020401018137
3 0.14375 0.655578932686181 0.1203125 0.26233746268299923
3 0.20703125 0.3836590266947714 0.0875 0.19945565467854492