6 0.34296875 0.835589083817976 0.0953125 0.025554511903856537
6 0.6234375 0.8465958032727674 0.0375 0.025218168617910663
7 0.43359375 0.8611163246445941 0.04375 0.054942030054229464
7 0.56015625 0.865758893730043 0.0484375 0.05809430113146803
8 0.496875 0.8474219841873184 0.05 0.034665891490547905
5 0.48046875 0.8785765354169826 0.021875 0.03137726502711473
2 0.50859375 0.8810839118804156 0.0296875 0.028297716822512697
0 0.61640625 0.1332736466569092 0.021875 0.03450226502711464
1 0.61328125 0.12309921593874995 0.040625 0.056486349336070066
3 0.64765625 0.31236170383850154 0.0890625 0.2895806504675383
3 0.60859375 0.3113531948615111 0.0625 0.36755111436318477
3 0.68515625 0.48289237245641237 0.0625 0.2488011143631846
4 0.07890625 0.1590528131335207 0.0453125 0.22526362041330888
4 0.796875 0.44213608313060504 0.046875 0.2471477107723885
4 0.45234375 0.7323191589535494 0.0640625 0.11756020472226432
3 0.2203125 0.6278442406302261 0.0890625 0.2989556504675381
3 0.35390625 0.21455896633153343 0.065625 0.22069429508134403
3 0.37265625 0.3927930506404888 0.059375 0.2675329336450255
3 0.378125 0.5764186168972675 0.0671875 0.3050783854404237
3 0.52421875 0.39679981547121174 0.0703125 0.23947156615858275
3 0.5640625 0.42281286962774195 0.0734375 0.25980224687674214