4 0.39353547754801904 0.905383954231285 0.07760789129415606 0.1801329275949012
1 0.5301203338179761 0.3460412913689108 0.05516928903121965 0.08313066256778665
3 0.6815844025106417 0.7328469206610142 0.11560786104353511 0.2662885962128122
3 0.5284361557320956 0.5936793606507516 0.06886012607064966 0.28789088544042374
3 0.5133202158405541 0.6810884570599554 0.10340784289316236 0.31777837334017517
3 0.3557799057320955 0.5926748759724538 0.08920898750696811 0.2942590601084586
3 0.331165204231285 0.3901947705862595 0.057531740630226126 0.22063975292686627
3 0.34701291802873563 0.42856692417705566 0.0889362767345796 0.24738406010845856
3 0.07680093285945856 0.578552246876742 0.09400557181592355 0.3130363311856975
0 0.5387504452542945 0.3523412883438487 0.02366475897699054 0.039198855386194255
6 0.1814303872871353 0.8377459605759967 0.04861930718159235 0.03153180113146803
6 0.17697923662320533 0.878343689498758 0.04239657825883123 0.03618293969514959
7 0.13531391138943624 0.8335715449831481 0.029887487899751576 0.034547716822512696
7 0.13164855590504612 0.8749550690854491 0.02990566861791084 0.03767271682251305
8 0.08526391441449835 0.8246869034926003 0.042387487899751594 0.03462043969514994
2 0.09256787518688687 0.8716028101084585 0.02672612646343313 0.028279536104353298
5 0.06363435410964803 0.8667471384654857 0.023610216822512742 0.029823855386194253