4 0.43807581790709865 0.9058556111417309 0.06360902380771342 0.1882887777165383
1 0.5042845416634985 0.3365163004440971 0.0473204275949012 0.0768352107723885
3 0.6977770290722707 0.6962236194313502 0.09053513817089805 0.2536431504675381
3 0.5330327521412993 0.5780816317279903 0.043805583916171995 0.2783704396951496
3 0.5296264718906784 0.6639964058302914 0.07365671037960517 0.30666815651766227
3 0.36518217680933435 0.5974169181269315 0.06415444535249044 0.2847386143631848
3 0.31717997228346173 0.403394207354543 0.03718287919390759 0.21427157825883114
3 0.33769700536275316 0.43866863202257794 0.06700673458010194 0.23788179508134383
3 0.092653191836449 0.6177056504675382 0.06582602966144586 0.30349770472226434
0 0.514472607920277 0.3420441377781146 0.020521578258831143 0.03605567466803503
6 0.2252894715960907 0.8567504906302261 0.04546703610435347 0.026826120413308986
6 0.226302525752621 0.8965987858097659 0.0376818071815924 0.031468168617910665
7 0.17998606195517033 0.8580493702169172 0.026744307181592354 0.0314045361043533
7 0.18178491129124036 0.8986834605759967 0.02676248789975162 0.034529536104353296
8 0.13075822159609068 0.8562005239059094 0.03923521682251274 0.029914758976990186
2 0.1435172968298598 0.9008044967785462 0.02359203610435352 0.026698855386194254
5 0.11460650165032 0.8998550751355733 0.02203862646343313 0.028252265027114733