8 0.8552945994589034 0.9151729892186872 0.0394443080044546 0.03326703333863605
7 0.8099730087921305 0.914918997891505 0.02699885200509087 0.03780908267027243
2 0.9083741461250397 0.9106485738781419 0.022220445337363514 0.029942038669636163
5 0.8873258494589035 0.9148002718810055 0.020694308004454598 0.033048857336090975
7 0.7326474401256761 0.9173814739020045 0.02705339600572696 0.04249658267027243
3 0.16106169943504076 0.7474460699793191 0.0711135733609078 0.20392497867599957
3 0.32946461207031497 0.514205213956093 0.08056129869508961 0.21028406667727212
1 0.32998968137331636 0.29073135128900207 0.03353975334181776 0.06288180800445434
4 0.3320976213796797 0.3375881699554566 0.03472154002227175 0.16444430800445442
3 0.38122655939686073 0.4635961392823205 0.06664424936345315 0.2226204346753633
3 0.4353964387332697 0.4856251332750027 0.04782152402927124 0.21615225867281787
3 0.4787197247374058 0.515593896602503 0.050782892027362435 0.20212612133990876
3 0.5232793414226322 0.6518126599300033 0.07274879869508961 0.2101931600095451
3 0.5656855647676318 0.737268354591049 0.06973288669636232 0.2195317973424542
4 0.3694105487746314 0.791121702617775 0.06013971069381689 0.20067270934118148
3 0.7048725973901793 0.4106047625716407 0.044332897358362544 0.18486589600572714
3 0.7485316907224521 0.4022831852323683 0.06328289202736244 0.2022715720082724
4 0.9009203467138616 0.3372201645449147 0.07694540268936265 0.16806020401018137
4 0.9006770880808144 0.5849127772120056 0.06982379336408968 0.22734429734245404