2 0.09518435013522106 0.99609375 0.02352840666772722 0.0078125
5 0.11864912213553921 0.9984375 0.020348862667090906 0.003125
8 0.15218832813490288 0.99375 0.03764545066836358 0.0125
7 0.19827298746813016 0.99296875 0.03610113200190899 0.0140625
7 0.2818485561345847 0.99140625 0.03769999466899989 0.0171875
3 0.5627958274188143 0.6296875 0.09109990404199805 0.309375
0 0.4853049847230883 0.415625 0.01911362667090888 0.03125
1 0.6322067093809525 0.35078125 0.04469542934436319 0.08125
4 0.7206430480585427 0.43125 0.05877720536281679 0.2171875
4 0.40436844613299383 0.9796875 0.0707852146721816 0.040625
3 0.47408841076540453 0.72734375 0.07534763470717998 0.2984375
3 0.4357697034134054 0.58984375 0.05539766669318062 0.1953125
3 0.3917560740769964 0.5671875 0.08684766136218051 0.2125
3 0.3986253341024498 0.7546875 0.06464649204327078 0.31875
3 0.1481686113939972 0.446875 0.06715332670272564 0.265625
3 0.43408793006045177 0.4453125 0.10743288136536222 0.2359375
3 0.4953521467218156 0.40625 0.0674794960216353 0.159375