6 0.64140625 0.8887134374204052 0.09375 0.030778380012726814
7 0.55078125 0.9017214200747693 0.028125 0.05813976400381797
5 0.50390625 0.9128947300684059 0.021875 0.029942038669636163
2 0.47578125 0.910223716064588 0.0234375 0.025272720003181703
8 0.49140625 0.8791555294000425 0.05 0.03339430267345449
7 0.428125 0.8901379353914518 0.0421875 0.058303396005727134
6 0.36953125 0.8597686353834977 0.0375 0.025436352005090868
1 0.76484375 0.2260872627704952 0.0453125 0.07865225867281786
4 0.83359375 0.32219974144649477 0.065625 0.21170111600890867
3 0.7109375 0.4215537567631774 0.1015625 0.24336928668045382
3 0.6984375 0.2800020560948138 0.0609375 0.2022715720082724
3 0.6546875 0.43496172875554134 0.06875 0.24611247867599956
4 0.49921875 0.7604964360677696 0.065625 0.1382636160089085
3 0.665625 0.6389952480903596 0.08125 0.22594542934436318
3 0.6625 0.7366151354232686 0.06875 0.21642497867599958
3 0.47421875 0.3211430347310425 0.125 0.19832950668363553
3 0.378125 0.45127488271799765 0.0671875 0.21640679734245422
4 0.21484375 0.21109368336249865 0.065625 0.20701361600890866
3 0.1859375 0.559194828691908 0.0859375 0.26193747334499945
3 0.31328125 0.5317703573758618 0.0703125 0.2523806600095451
0 0.26328125 0.30853230470240744 0.01875 0.031468176002545256
3 0.246875 0.34115390070018026 0.078125 0.2274715666772722