2 0.11553774257513369 0.9256408703151131 0.022056807181592353 0.03137726502711473
5 0.1382121732932929 0.9288976805217676 0.018913626463433086 0.028234084308955333
8 0.1702297877546735 0.9267402828828997 0.02990566861791084 0.0376727168225127
7 0.2132030829342133 0.9277715177575893 0.020557939695149675 0.04230567466803521
7 0.2921184232932929 0.9297930808911097 0.025245439695149675 0.04233294574527378
3 0.26906115573209555 0.592170361043535 0.09556807181592361 0.313045421544777
3 0.3180339451560987 0.41589875253408276 0.06243740924813697 0.2581670240041051
3 0.3407720083878153 0.4300930627407372 0.07822603571157005 0.2863829275949012
3 0.41197081839807803 0.58284587889932 0.10913060206654457 0.2271897347764936
3 0.35936396886561617 0.6715993066906131 0.07993398145684391 0.3113920179539809
3 0.7663497670702182 0.6661548452308534 0.09683968032537571 0.2630545119038567
3 0.8618309595940381 0.8293098005913908 0.09574078863843631 0.3413803988172184
3 0.9107441408031768 0.5091877486252578 0.11239195745273918 0.2506454154946528
3 0.8281811047970191 0.417304254773578 0.08588399960721667 0.25986587939029937
0 0.4688571435336512 0.6925481318261862 0.023664758976990365 0.039198855386194255
1 0.3147129815550398 0.24791636699546338 0.04891019867214012 0.08153180113146821