2 0.20331678453218802 0.9893750756265526 0.026780676002545346 0.018904536104353654
5 0.22597303453218803 0.989243265419898 0.022093176002545345 0.01887726502711473
8 0.25497019119991526 0.9812625937769252 0.04258748933799979 0.03462043969514994
7 0.2964309852005516 0.9763341992613153 0.03955339600572696 0.04241475897699054
7 0.37240313920277873 0.9594870668459539 0.04273294000636341 0.047120439695149584
4 0.42365765121741444 0.8513836753554059 0.12836354670590727 0.2897897287263696
4 0.7943381566279564 0.28051562168985517 0.08837379869508961 0.20987496974937905
0 0.384417716621593 0.329772295768715 0.02225680800445442 0.03293976502711464
1 0.23312793662477463 0.3072165605994379 0.05085452267663584 0.07372839149054773
3 0.35065650322250513 0.8143109222321481 0.11678970003181668 0.23503859621281223
3 0.3190172465786404 0.6465376149523598 0.09438744135899882 0.18959883118569748
3 0.38059164059518513 0.5243126361277947 0.13437718936981655 0.26951359016268783
3 0.3915393259468661 0.3891018439733169 0.08488517202418074 0.17860678903121982
3 0.4190290739576838 0.3092598078689634 0.08363175469445316 0.20516019867214014
3 0.71737347792014 0.5840678685665972 0.12414876137808868 0.3303874576491307
3 0.7795574939529113 0.3423161849215717 0.08381356802990787 0.22078519867214014
3 0.6275035506047301 0.4525684045727548 0.09500560669954403 0.2427238311856975
3 0.5339353639401846 0.4374888261175319 0.11364651869827114 0.23345791549465283
3 0.5511217692552763 0.5717547418085764 0.10305446403563465 0.26308178298109547