7 0.681299097961328 0.9445059196980654 0.025245439695149585 0.04233294574527378
7 0.7571121642181066 0.949533787282704 0.025245439695149585 0.04233294574527378
5 0.8329343208339649 0.9561241548673426 0.020485216822512697 0.029805674668035208
2 0.8555996611930444 0.9575548446606881 0.02519998789975162 0.03452044574527378
8 0.8016661401158057 0.9531809620489348 0.04082498789975162 0.03461134933607006
3 0.7768105440993853 0.709567317435129 0.07641809601642038 0.24418633723582167
0 0.283160017168414 0.5952478257247484 0.017342036104353475 0.02666249394987581
3 0.26329644818116077 0.40395066003370383 0.06499880698520055 0.16131020472226432
4 0.24816635187015285 0.3548182684449602 0.036910168421519084 0.16739657825883122
4 0.5657099385167993 0.8170490610904173 0.06682492739850954 0.20663179508134383
4 0.719660077669656 0.4208275251824555 0.04309653590796181 0.15649543969514976
3 0.5073686350476401 0.3236217688377437 0.06969539734428025 0.16289997579950324
3 0.5173799601832133 0.43294222668326593 0.05882152985783762 0.17377384328594586
3 0.36946061065075153 0.5228683107958296 0.08384880093507645 0.17860678903121965
3 0.2792310412707149 0.5913643016224475 0.07465560811666876 0.20980224687674198
3 0.35925086025796815 0.7823114884889268 0.10609650565734077 0.2427965540583344
3 0.43622592983439645 0.5842007205349459 0.07445562021691714 0.175427246876742
3 0.5069338604543598 0.6517604043763632 0.07471015027114643 0.21917724687674217
3 0.6367662853187867 0.541626359393215 0.07620901775758923 0.2082488372358217
1 0.6753510205862595 0.32498830523668476 0.03469316256778647 0.05488748789975162