6 0.1109375 0.81328125 0.053125 0.0421875
6 0.10234375 0.853125 0.05 0.0484375
7 0.06328125 0.8046875 0.0359375 0.0421875
7 0.05625 0.8453125 0.0359375 0.04375
8 0.01875 0.79140625 0.0375 0.0453125
2 0.0171875 0.840625 0.03125 0.0359375
0 0.084375 0.51953125 0.0265625 0.04375
3 0.06953125 0.52890625 0.103125 0.240625
4 0.0734375 0.4765625 0.0734375 0.2171875
3 0.2828125 0.5625 0.0796875 0.2546875
3 0.4328125 0.496875 0.1453125 0.2375
3 0.475 0.39453125 0.0828125 0.1984375
3 0.73671875 0.48515625 0.09375 0.2125
3 0.7671875 0.37890625 0.0734375 0.20625
3 0.77890625 0.51171875 0.0890625 0.2125
3 0.52578125 0.64765625 0.1453125 0.2671875
3 0.56015625 0.61953125 0.121875 0.275
3 0.52734375 0.64609375 0.1109375 0.29375
4 0.78515625 0.36484375 0.0609375 0.16875
4 0.60234375 0.7578125 0.096875 0.2609375
1 0.44453125 0.225 0.0453125 0.06875