2 0.12930481146558484 0.974905072110511 0.025399989337999786 0.03452044574527378
5 0.15352356146558482 0.9750459726762453 0.022238626670908878 0.03137726502711473
8 0.18549117679817578 0.9697635750373774 0.042696577339272415 0.04399543969514959
7 0.23074004213076674 0.9645584454506864 0.0395715773392725 0.04397725897699019
7 0.31267129479626676 0.9564419393023662 0.041170440006363405 0.047111349336070064
3 0.5557276674092693 0.5625702612164856 0.1176805853755436 0.31160109621281207
0 0.4611675033815887 0.35812768003078815 0.020694308004454244 0.03293067466803503
1 0.6001112773710892 0.28159751716841397 0.050963610677908555 0.08310339149054773
4 0.6931442093809524 0.3547900983541114 0.07598288669636233 0.21917724687674206
4 0.4352366381285395 0.947993114166793 0.08092383068109026 0.1040137716664141
3 0.4772401354232686 0.6652316529034252 0.09878513470717998 0.29899201190385655
3 0.42726631273867854 0.5329186017719569 0.07102266669318062 0.19571247579950324
3 0.38329813673613317 0.5139140717177277 0.10408970536281678 0.21777837334017516
3 0.4057560340944956 0.6984072463857627 0.0896283107097254 0.31768746974937906
3 0.13295214405631559 0.4155891594445286 0.0890283267027256 0.26612496974937905
3 0.413111811386043 0.39065837889932 0.12467492536599849 0.24133404800821018
3 0.4696430747135433 0.34802142700572614 0.08001585868872621 0.16295451795398092