6 0.28733889055541423 0.8178040817748726 0.09262385200509068 0.03803633118569749
6 0.54847583788196 0.8662814466290367 0.039389764003817974 0.028352258976990185
7 0.36894287921709623 0.8540455879231927 0.04911020934118149 0.05809430113146803
7 0.48664799988068735 0.8760155158126816 0.05225339067472703 0.059674981849627426
8 0.4291445825509599 0.8497893590986273 0.04418635200509069 0.03775453005422946
5 0.4085139092139146 0.8772512837666625 0.02538180800445424 0.032957945745273776
2 0.4365661838797328 0.8833376573032293 0.023782945337363515 0.029823855386194253
3 0.15232173726927567 0.4709568737329586 0.11873400803627106 0.26786018657189176
4 0.2836877265675046 0.7287688528521115 0.06342724801081764 0.0800511143631848
3 0.29638027259709415 0.510741015518094 0.10588856269890759 0.23809996369925468
3 0.45412749590232265 0.7168405037124332 0.08479426535645337 0.17079428903121965
3 0.528928048575777 0.6664087116561512 0.10485332137172562 0.28340337334017535
3 0.6296109432686393 0.47286726903413545 0.12031468936981646 0.26943177693097126
3 0.6843984406031393 0.4639553564663488 0.09985673870145284 0.25681360226293626
3 0.5065916139401846 0.43764790740142523 0.10910446936663476 0.2459306444174139
3 0.5300392992918657 0.30236439237431056 0.06880563868554468 0.13945338544042354
4 0.46335233330681935 0.19260357299427394 0.08842834269572605 0.21456246974937895
3 0.344093255967547 0.23704444028432486 0.11504538669636233 0.21940450585373253
3 0.4069461499443207 0.4077609403825207 0.10140105736790747 0.25526019262201594
1 0.8322108739656379 0.24826620307194433 0.05405224801081765 0.07999657220870696