2 0.9564940201304486 0.9664371672431689 0.023837489337999784 0.03451135538619425
5 0.9315303827975395 0.9694167214978947 0.0206761266709087 0.03136817466803521
8 0.8979002701304484 0.9660962787776832 0.03955339600572714 0.04241475897699019
7 0.8510343607972214 0.9666048180052945 0.02240225867281822 0.045439765027114734
7 0.7651150421307668 0.9676673482559156 0.028670440006363408 0.04703862646343282
0 0.5968724774426768 0.8088867250139362 0.025472714672181596 0.040770445745273776
1 0.27696413136536213 0.23753285801847293 0.03837270401018138 0.07521816861791084
3 0.43686639003818006 0.28377257464459393 0.05092834269572606 0.2143443011314682
3 0.3925816827259518 0.4389731590517452 0.0559976507001803 0.24718407220870695
3 0.4988424154200869 0.6419214179305397 0.09062718936981647 0.26925906010845857
3 0.5803015007558596 0.6603628666026798 0.0818158107097254 0.31764201795398106
3 0.6240242287555413 0.6582736466569091 0.05908628803308939 0.24407725292686636
3 0.659590106102768 0.7608173845566608 0.14195333203372584 0.249246541958086
3 0.7645657707272245 0.4505116645126942 0.054326062698907586 0.23779998184962742
3 0.7703788713796798 0.34586507112855247 0.0714226560311804 0.23008747579950314
3 0.614937940722452 0.4144872852205907 0.0588499306969986 0.22376475292686634
3 0.8489674953850885 0.3861633390825333 0.06050333736472595 0.23158634328594588
4 0.6861991541215399 0.8987407962010916 0.0711135733609078 0.20251840759781672
4 0.6521913980346803 0.25924579419758115 0.046204480028634975 0.2111920300542293