3 0.20935435762568946 0.5347936773985096 0.1468487706844554 0.26490790339440445
3 0.25994925526455726 0.5030578640685971 0.11242831888905727 0.25689541549465283
4 0.13249590007475476 0.3491965449831481 0.12465560811666876 0.2100931383672897
4 0.7806127758508168 0.8349821132830302 0.15151808996629618 0.26181017447164334
7 0.7647064956001958 0.9208241645126943 0.04715680113146821 0.048710210772388504
7 0.9387161673413645 0.8859002395500717 0.04561248184962743 0.05182612041330899
2 0.7155559232932929 0.9322565682016861 0.03777271077238851 0.047093168617910665
8 0.6648292154477706 0.9413361315315989 0.06127384328594587 0.058167024004104916
5 0.6141206883204076 0.9535406948615112 0.03775453005422928 0.04396816861791066
3 0.2972190137505684 0.8654891654946528 0.14219763212077385 0.26902166901069435
3 0.6053031827612626 0.6464685382456528 0.13119649960721666 0.26012949980360817
0 0.5558708093228917 0.6094634419346449 0.03312157220870695 0.0533158975406721
3 0.5819606106507516 0.5283679780389984 0.17967945140261463 0.26822380093507636
3 0.6966867068635636 0.6430940742518105 0.21245558996629618 0.2621646984757483
3 0.17576112850653658 0.6689686894987579 0.14862034894328663 0.30085449375348394