7 0.20561963993842364 0.9128353015242517 0.0362011204133089 0.045521578258831144
7 0.12678611281106056 0.9007943646577722 0.0362011204133089 0.045521578258831144
5 0.05262645014507809 0.8910699067140542 0.02204771682251274 0.02981476502711473
2 0.029207130863237323 0.8880812621002484 0.026771578258831207 0.0360920361043533
8 0.08229122424737904 0.8948034398915414 0.03927157825883119 0.03616475897699054
4 0.3908077061952023 0.906289343973317 0.10882152985783762 0.17406473477649342
4 0.1150047720591975 0.6430591327099491 0.12217602361132163 0.32101245764913067
3 0.08578438379010356 0.8315040091733822 0.11700673458010188 0.23817268657189175
3 0.34628204313643635 0.6370262595661657 0.12249418617910823 0.3756999576491305
3 0.46585419975229464 0.6292995970965749 0.10200896935659554 0.34589428298109565
3 0.6894694826351943 0.4631604709277294 0.11897830073868469 0.30849427693097126
3 0.6810353347999347 0.301496263082207 0.0905987706844554 0.2645806504675382
3 0.6153370910464506 0.44874851298401114 0.11115671037960517 0.3068863251355733
3 0.5651330788480065 0.34982519965409875 0.07985216822512733 0.2973295179539809
3 0.46146265730322933 0.4441751633533535 0.12069533684303817 0.33506586729005094
0 0.4044092022863774 0.31404275663929937 0.026807939695149764 0.04234203610435348
3 0.3571927929400446 0.5072796722321481 0.10177262002052548 0.30526928298109546
3 0.39316210919682326 0.5016018439733169 0.10046465007475476 0.34901019262201594
1 0.4167870033196497 0.20069332894620223 0.05833065046753827 0.08939884328594587