7 0.3381776098841943 0.9598123789975158 0.03777271077238851 0.047093168617910665
7 0.25687306772971663 0.9687146803253757 0.0362011204133089 0.045521578258831144
5 0.1802469352161593 0.9792067527304745 0.022056807181592353 0.03137726502711473
2 0.15600545931846027 0.9824630420562819 0.026771578258831186 0.035073915887436156
8 0.21152420629339813 0.9747010599120669 0.03928066861791084 0.037727258976990544
4 0.6579320945624921 0.7890105622497579 0.07935219847574829 0.21139201795398108
3 0.7349991094914109 0.7027372398446592 0.07954309601642037 0.2442045179539809
3 0.6946518863241863 0.5204650953290493 0.08855448165323558 0.18175906010845858
0 0.6223966538853838 0.18253330327276746 0.020494307181592397 0.03136817466803503
1 0.6407012262904825 0.2592048875817229 0.03945338544042354 0.06741475897699037
3 0.5547950216664141 0.3876157130118837 0.06349084913967822 0.1706761143631847
3 0.5832194826351943 0.4705963846548567 0.10123628883482798 0.21308178298109545
3 0.4987808501216369 0.48104300526455723 0.10603287314378348 0.23185905405833437
3 0.4582427294137405 0.33158336074894745 0.06352721057599667 0.17692611436318462
3 0.3173086572050335 0.38389022843178183 0.0870192527304745 0.18643746974937905
3 0.2320796843323965 0.39589480386194265 0.08093287919390768 0.21452610831306052
3 0.3041081786750558 0.6385095507386847 0.09360559601642038 0.24428633118569748
4 0.15640297346181214 0.37748517144658117 0.05563289734428025 0.16281816256778664