6 0.6265625 0.8559889839909267 0.090625 0.025527240826617968
6 0.3640625 0.8396180536655511 0.0359375 0.023646578258831142
7 0.53984375 0.8711094690620079 0.0421875 0.05337043969514958
7 0.421875 0.8633918969514968 0.046875 0.05496021077238851
8 0.48203125 0.8520231257760621 0.046875 0.033085210772388504
5 0.49453125 0.8833458486486989 0.0203125 0.029805674668035208
2 0.46875 0.8824146077238855 0.028125 0.02672612646343282
1 0.69140625 0.18527248389273082 0.0390625 0.07522725897699045
4 0.8125 0.2703519867214012 0.05625 0.19251475292686626
4 0.51171875 0.7193833425985747 0.0609375 0.16441702400410527
3 0.78125 0.6881389295398088 0.075 0.2613738372358217
3 0.7671875 0.6029008663080923 0.0984375 0.26307269262201594
0 0.62890625 0.40600261952954614 0.0171875 0.029787493949875808
3 0.60625 0.5105583093228917 0.065625 0.22069429508134383
3 0.5875 0.4346679750139363 0.0609375 0.2706670240041051
3 0.57109375 0.31191627624360024 0.0546875 0.21750566256778664
3 0.54921875 0.1860077612164856 0.0609375 0.1972295240041051
3 0.38359375 0.28738793315404615 0.071875 0.18791815651766247
3 0.41640625 0.3391413306947181 0.0625 0.2331761143631847
3 0.42421875 0.4540305324901162 0.09375 0.24898292154477702
3 0.33359375 0.4816282916634984 0.08125 0.23328519867214012
4 0.20078125 0.20507436114173086 0.06875 0.19258747579950325