7 0.2595304351179634 0.91328125 0.033057939695149675 0.0421875
7 0.18222759173382172 0.90625 0.031495439695149674 0.0421875
5 0.10881736281106055 0.9015625 0.020476126463433088 0.028125
2 0.08538440799060039 0.90078125 0.023628397540671964 0.0328125
8 0.13849577245198094 0.903125 0.03612839754067201 0.0328125
4 0.5913440373808998 0.81640625 0.0636544756031114 0.1984375
3 0.6800116276417836 0.75 0.06072037314378349 0.23125
3 0.6787041785768599 0.571875 0.07285675878059869 0.16875
0 0.6782739491631193 0.24296875 0.017351126463433175 0.028125
1 0.6809626119272979 0.31796875 0.034738614363184796 0.0625
3 0.5748848078689635 0.42265625 0.05092721662612103 0.159375
3 0.5853450640172835 0.5046875 0.0824044756031114 0.1984375
3 0.504131425453602 0.4984375 0.0872010599120669 0.2171875
3 0.4963967143866258 0.35078125 0.04941016842151917 0.1671875
3 0.354086494539051 0.371875 0.07132152985783762 0.1734375
3 0.27208706079582967 0.36640625 0.06367265632127062 0.2015625
3 0.29177635031802873 0.6078125 0.07477378278470379 0.2296875
4 0.20586261797742197 0.33515625 0.04308744554888211 0.1546875