4 0.41115202245198096 0.9061425540260897 0.06517152380771343 0.18771489194782057
1 0.5128984131569618 0.34036574940322406 0.048892017953980904 0.07868862133990877
3 0.6841860432346323 0.7119151274267684 0.09680331888905727 0.257359061346272
3 0.5263240671405415 0.5842884720719057 0.04851126463433122 0.2817954400063634
3 0.5172303473911625 0.6701259747374059 0.07991580073868469 0.3087215666772723
3 0.3567246394474443 0.5940345473822249 0.06885103571157006 0.28671929734245405
3 0.32037002469147613 0.39672319537713435 0.040326059912066906 0.21764203333863605
3 0.33812969643264496 0.43286978071290694 0.07171241529826115 0.2414431600095451
3 0.08089793765204623 0.5986380420114541 0.07209421037960509 0.3070681600095451
0 0.5222415969001831 0.3459435874044967 0.02208407825883114 0.03619203866963616
6 0.19899745609700642 0.8461226640276805 0.047038626463433084 0.028670440006363408
6 0.19720315194047616 0.885948232694135 0.03925339754067201 0.03326703333863605
7 0.15290825127654623 0.8448050646880899 0.026753397540671964 0.03312158267027243
7 0.15267190194047617 0.8854300646880899 0.02677157825883123 0.036246582670272434
8 0.1044980223537851 0.8395539433481811 0.04080680718159235 0.031722714672181594
2 0.11517190194047618 0.8849937126829992 0.023592036104353474 0.026835220003181705
5 0.08549803747909561 0.8823045173456358 0.02203862646343313 0.028379538669636162