0 0.56171875 0.7044013105904126 0.0265625 0.04093408267027261
4 0.68671875 0.8162280539067771 0.103125 0.24494996801399935
4 0.6421875 0.30268372191282217 0.05625 0.16784202800763595
1 0.63984375 0.25739849391314035 0.0453125 0.07865225867281786
4 0.02890625 0.4223198953294093 0.0578125 0.19286020934118148
3 0.14765625 0.5326568639799555 0.09375 0.24952838001272665
3 0.2859375 0.5326103159611837 0.090625 0.22605451734563572
3 0.51953125 0.6697359565961396 0.1171875 0.19511360001590852
3 0.61015625 0.6093064392505039 0.0875 0.208830654678545
3 0.6328125 0.6121678099140949 0.0734375 0.2664795226766358
3 0.528125 0.33604220926163964 0.0640625 0.1866829346753632
3 0.51015625 0.35890754459741225 0.0984375 0.1730204240133631
3 0.46875 0.39063934993636656 0.103125 0.20119996801399936
3 0.51328125 0.42449618193032135 0.0796875 0.19936474801081766