4 0.8625333788993199 0.4035895073266705 0.0793976502711466 0.2192045179539809
4 0.5334514295398088 0.7781729134515494 0.08060562626704133 0.1582761083130606
4 0.15664595150081048 0.20143925927157805 0.07781696955298725 0.2160704275949013
0 0.22617772238165762 0.33541428347207486 0.026798849336070064 0.040779536104353475
3 0.36081582191411943 0.24556546741168792 0.06828743344863372 0.18945338544042353
3 0.20040608362158435 0.47150631957642836 0.1001373971478885 0.2927601926220159
3 0.29357027634179617 0.5045591932111911 0.10608741529826116 0.24123405405833437
3 0.3522322040348933 0.5159370547457055 0.09233398750696811 0.29427724082661777
3 0.4061333879745064 0.3804626421779188 0.08263173458010194 0.23797269867214013
3 0.5511640868430382 0.33117973878351437 0.09663060206654457 0.22711701190385672
3 0.6916072796614458 0.29911160646634877 0.07113063231716552 0.14103406615858277
3 0.6775271198241337 0.4304479648776051 0.0920612767345796 0.2474022408266178
3 0.7887651225546082 0.6157445945624922 0.10765900565734068 0.2428056444174139
3 0.7281053993873836 0.798134913746137 0.12169423458010194 0.23819995764913066
1 0.7522220719141195 0.24328833246224368 0.04891019867214012 0.08153180113146812
6 0.6045775166774346 0.9176075972929667 0.0970658975406721 0.03337610226293606
6 0.3261934414436656 0.8746944312091385 0.040797716822512695 0.029923849336070063
8 0.4513434323684792 0.899748452482769 0.04396816861791084 0.03775453005422946
5 0.46248092026823084 0.9340598199692118 0.023601126463433174 0.028261355386194252
2 0.4327706943705317 0.9303262867917244 0.031413626463433174 0.028306807181592574
7 0.510087173293293 0.9251888140172835 0.05505111436318479 0.06281816256778683
7 0.3841832034457181 0.9048268379231927 0.0550511143631847 0.06281816256778683