2 0.846875 0.9807707172183691 0.025 0.019040901336727246
5 0.8234375 0.9810434372215507 0.021875 0.01900453866963616
8 0.7921875 0.9743758138924594 0.040625 0.03328521467218124
7 0.7484375 0.9725411412317321 0.025 0.037790901336727245
7 0.66953125 0.9679905485757768 0.0296875 0.04565794533736352
4 0.74453125 0.7733678445655956 0.2234375 0.4385374306969986
3 0.9015625 0.48091562054427833 0.1015625 0.24493178668045398
3 0.96484375 0.6083042765356879 0.0703125 0.43988066000954495
3 0.78828125 0.4720775172263231 0.1265625 0.24053518801718105
3 0.44375 0.5120240012730937 0.1875 0.3193692600254533
4 0.18125 0.4142972153087284 0.08125 0.1900079293443632
3 0.0625 0.41099149665818224 0.125 0.3030170066836355
3 0.2265625 0.6637699566359105 0.30625 0.5629385413749073
3 0.3875 0.5181472792807297 0.146875 0.2829590453532719
0 0.40625 0.5093353532781844 0.0296875 0.04722044533736351