8 0.020427120942093573 0.8770073953294093 0.04085424188418715 0.048946577339272324
7 0.06549061521327824 0.883493205323046 0.02867044000636334 0.04720226400381833
7 0.14970198321136924 0.896573913311592 0.033394302673454224 0.05038180800445424
0 0.5112229279121859 0.6408387972629124 0.028597714672181595 0.040952264003817976
4 0.5954695638924595 0.7851513239179129 0.1090862880330894 0.24498633068109008
4 0.7091546346276382 0.27920931190327714 0.06133858402290802 0.16944089067472684
1 0.7206012119669106 0.23533204256845908 0.04778406667727229 0.07867044000636332
4 0.08111199797104678 0.21230854865531873 0.08348630402608972 0.1931329293443631
3 0.17007340595163858 0.35422278130968293 0.0997840133672712 0.25112724267981756
3 0.3008325099459116 0.3948830492918655 0.0963862933640895 0.22765338001272664
3 0.48129052725177646 0.5950995832670485 0.12258516669318062 0.19671246268299925
3 0.5855422225891399 0.5642030245862765 0.09304311736154425 0.20886701734563573
3 0.6065268845878673 0.573332576583413 0.08121582670272556 0.2665340666772723
3 0.591222247294729 0.2774570025859583 0.06935107869190808 0.18671929734245413
3 0.5668035026257291 0.2949263132559127 0.10356244668999892 0.1730567866804539
3 0.518175098623502 0.3118961845958214 0.1085772106938169 0.20123633068109026
3 0.5496699992839114 0.3576172172581399 0.08512152936027154 0.19940111067790856