8 0.234375 0.9634801961380575 0.0421875 0.03618293969514994
7 0.28046875 0.9553995305452088 0.03125 0.040806807181592575
2 0.18046875 0.9677000635263042 0.025 0.032957945745273776
5 0.20234375 0.9683540484991895 0.025 0.03608294574527378
7 0.35703125 0.9447978529503074 0.0296875 0.0439227168225127
0 0.85 0.34271109466068794 0.0203125 0.03605567466803503
3 0.87109375 0.35977587481311313 0.084375 0.26299087939029936
4 0.70703125 0.23494911251647296 0.065625 0.22225679508134394
3 0.46328125 0.37308595853289334 0.08125 0.2582851986721401
3 0.10546875 0.5095426507621258 0.1015625 0.26309087334017517
3 0.46171875 0.632470048891973 0.0984375 0.26776019262201595
3 0.06796875 0.4746045693800366 0.075 0.27543633723582167
3 0.040625 0.30288865066392995 0.08125 0.23172269867214013
4 0.41875 0.8491262837666624 0.0953125 0.2927420119038565