4 0.24606908332699678 0.6657784943426592 0.09329652380771333 0.1911613311856975
3 0.13476290290342513 0.4687631146577723 0.12499195140261463 0.26790563836728987
3 0.0233895865484506 0.5287880753319649 0.04225217427525157 0.27992384933607006
3 0.5980618127407372 0.33481327801112587 0.09163402985783761 0.17396474082661778
3 0.6115566861791082 0.37145475995894905 0.11072946350286302 0.2334488251355733
3 0.5997657341873184 0.49340248283158605 0.17953400565734084 0.24322380093507637
3 0.7300663125443455 0.4637371878484379 0.10596015027114661 0.2193590540583344
3 0.8590958032727674 0.6184605284039093 0.14053513817089822 0.253934041958086
0 0.6213811380727022 0.3143644226249315 0.031504530054229284 0.0439318071815924
3 0.4907043515755653 0.5479450579671592 0.11471804761542685 0.38190450585373253
3 0.4901907462875668 0.4596638079671592 0.13432149960721668 0.26014768052176757
3 0.4100815863520588 0.6562302566392993 0.1316782886384363 0.3429419998036082
1 0.9008226774967053 0.1361702031701402 0.048864746876741805 0.07371930113146816