7 0.1641588477839459 0.9244238039601385 0.055032933645025484 0.059693162567786826
7 0.09850203152716727 0.9295107588787946 0.05501475292686624 0.05656816256778683
4 0.18771504333282807 0.7698681141667929 0.05913969242562418 0.22846134328594586
0 0.36095411807561784 0.40211350848601113 0.026817030054229286 0.04390453610435348
1 0.36881661505055574 0.39356521028140923 0.05206246974937896 0.08623748184962735
3 0.43737974180857647 0.5603759812604522 0.07691806576579925 0.33012383723582167
3 0.6790319523845734 0.38521339655871334 0.06246468032537571 0.2628545240041051
3 0.8700366639425287 0.8582156010845858 0.07492831888905727 0.25667724687674215
3 0.3801025312325797 0.7366112283335859 0.09406920432948089 0.3239738311856975
3 0.31819236281106056 0.9023260901626878 0.12302038524403187 0.19534781967462428
4 0.9118489975641131 0.38578661006157633 0.07975217427525153 0.2801420179539809