3 0.025 0.5279795542547261 0.05 0.27841589149054774
3 0.03984375 0.7677369458434697 0.0796875 0.3114011083130606
3 0.18046875 0.6028563135263042 0.0765625 0.2910704275949012
3 0.3921875 0.38131206987101596 0.0875 0.23019656010845857
3 0.39453125 0.4578609343323965 0.10625 0.2553056444174141
4 0.590625 0.3004700942679045 0.059375 0.2003454336450255
3 0.72734375 0.5043621878484379 0.1234375 0.23353063836728988
0 0.5359375 0.4656320068356911 0.0265625 0.03609203610435348
1 0.58515625 0.24972066052468317 0.053125 0.07843407220870695
7 0.809375 0.8390411939967581 0.0359375 0.05177157825883114
7 0.89296875 0.8479298597859983 0.0484375 0.059656801131468026
2 0.77265625 0.930661067435129 0.0375 0.03615566861791066
8 0.8234375 0.9358343807650413 0.04375 0.03775453005422946
5 0.88671875 0.942497471222317 0.034375 0.036137487899751616