8 0.13159347012249437 0.9030482528286704 0.041024989337999786 0.03461134933607006
7 0.1777054014560398 0.9048789184215191 0.030142033338636142 0.039235216822513054
7 0.25513096745699426 0.9123601411959601 0.03174089600572696 0.042369307181592576
2 0.07838665412153986 0.8957079306199635 0.025363626670908877 0.031395445745273774
5 0.0995349481221762 0.9005181504675382 0.02385567067154524 0.03607385538619425
4 0.4985991567870399 0.8880141261688456 0.0885737933640895 0.22397174766230882
3 0.7190201974458585 0.8330332730221464 0.11918854137490734 0.30692268657189176
0 0.6750567333704529 0.2773463544042356 0.023892033338636053 0.039198855386194255
1 0.6601402580362711 0.27100999599297926 0.04304202267663584 0.07368293969514968
4 0.7239493140515431 0.3838736103561639 0.056887441358998814 0.18938066256778666
3 0.1836515780553611 0.4088533461146162 0.06528174403245304 0.23942611436318478
3 0.22391514075426872 0.646571514732527 0.08752037070336201 0.27080337939029936
3 0.6225964467297699 0.468434441836449 0.09618739337999785 0.3442863311856975
3 0.6521748587284971 0.4592321586589618 0.08999193738063412 0.34893746974937906
3 0.6391316080919502 0.6810162550681655 0.09742262937617988 0.31617042154477704