2 0.9917980344540336 0.8784558990927961 0.0064590782588311415 0.03597386143631844
5 0.9792525826586352 0.8861956762201592 0.023628397540672096 0.032948855386194256
8 0.9464219019404763 0.8891297786794873 0.04558521077238851 0.04713862041330898
7 0.9010594049655383 0.8974599082661783 0.02996021077238851 0.0470477168225127
7 0.8189327061952023 0.9133889144144984 0.03465680113146803 0.04863748789975162
0 0.25814169370217044 0.616366385145836 0.020494307181592397 0.03136817466803503
4 0.10912695590061469 0.7147215510332723 0.09823855386194266 0.23493860226293642
4 0.664513371788051 0.8663952188656161 0.12637264422102223 0.2366647287263696
1 0.2675904583365016 0.335161836941234 0.04102497579950324 0.06898634933607006
3 0.3308211904807166 0.4785032916634984 0.09958288524403187 0.19744769262201595
3 0.3747348169441497 0.45063282171772767 0.11375446955298721 0.2162795058537325
3 0.3012467990883647 0.5931788700205255 0.10763173458010193 0.2381181444174139
3 0.444779151351301 0.49713563787631043 0.0983021863754999 0.2458761022629364
3 0.49494732299427396 0.46852027936685825 0.09187037919390768 0.2145897408266178
3 0.5803984887835144 0.5526139991162372 0.07942492134838534 0.2238920179539809
3 0.7349643106976338 0.3058486043060398 0.10259880093507653 0.17871587334017516
3 0.9107591962362532 0.30452751970249675 0.08392152380771342 0.19110678903121975
3 0.36712074220135993 0.819351005460949 0.131041963502863 0.23356699980360815