4 0.8563794587046345 0.27472416394252874 0.05049199069063519 0.17684430113146812
3 0.9525930294000424 0.48589749239775165 0.04922039202736243 0.2018352107723885
3 0.5997038393936791 0.4410723683702054 0.06488175469445316 0.2050511143631848
3 0.46921526603277125 0.23869277781473414 0.04080790802036276 0.15022725897699046
3 0.2873680187380422 0.5241449853656688 0.07263971069381689 0.20040906615858275
4 0.3826821607654045 0.7251666090004315 0.04898403469127164 0.18152271077238852
3 0.1268310554184961 0.6266483375304093 0.07429311736154416 0.2082306565176623
0 0.35624309870304377 0.2659143288480064 0.01593408267027252 0.02665340359079611
3 0.38371521272277015 0.4110768379231927 0.07554653469127155 0.18167724687674197
3 0.39110099872690635 0.4415046813073344 0.05993971602481709 0.18314884328594588
3 0.3950430640515431 0.37741491023009555 0.057014710693816896 0.20031816256778665
3 0.3879203600413617 0.302451271666414 0.03228633601209037 0.0892443071815924
3 0.36163967071131614 0.3268245577707675 0.047603348026726076 0.1971386204133089
4 0.3025004807049528 0.2802904462362532 0.04411472135581711 0.16587043969514967
1 0.38444027669477143 0.20480865720503347 0.03175907733927241 0.04393180718159231
6 0.6607178961250397 0.917312160622879 0.048837489337999786 0.03465680113146803
6 0.518521305458267 0.9173581332991242 0.05356135200509069 0.037809072208706954
7 0.5880616461250397 0.9177348623200812 0.06920453333863605 0.03946247579950324
7 0.4466099427911761 0.9146512898167867 0.06607953333863606 0.03944429508134384
2 0.38409176145763063 0.9134524041799714 0.030069308004454332 0.032985216822513055
8 0.3161048301240852 0.9122853347999346 0.04885567067154524 0.036219301131468026
5 0.2535684674569943 0.9095239491631194 0.030142033338636055 0.0392352168225127