7 0.2100871732932929 0.928125 0.026835210772388506 0.046875
7 0.1256439956001958 0.91640625 0.020576120413308897 0.0453125
5 0.044321272727558855 0.90390625 0.023628397540671975 0.0328125
2 0.019298546829859813 0.9 0.028343168617910825 0.0375
8 0.07794229380479771 0.90859375 0.04553975897699045 0.0390625
3 0.8329701613894362 0.8328125 0.12366580073868469 0.3078125
0 0.7418577854169823 0.48046875 0.028388620413308984 0.0453125
1 0.6695959242752515 0.2796875 0.048892017953980724 0.078125
4 0.6872061259724538 0.35234375 0.05727721057599666 0.1765625
3 0.6595407099868217 0.565625 0.11399081888905727 0.25625
3 0.6678940863520589 0.65859375 0.1547521742752515 0.2796875
4 0.47466730287998404 0.8828125 0.09667605386194271 0.234375
4 0.04937432786604775 0.2953125 0.07008628278470382 0.2296875
3 0.2557106862773041 0.31015625 0.07629992134838534 0.2234375
3 0.3927203277678519 0.36015625 0.08100560206654457 0.2265625
3 0.33893277331673405 0.51484375 0.11247377068445541 0.2640625
3 0.20803275214129932 0.575 0.08892718637549998 0.2453125
3 0.7066793304001305 0.6109375 0.10481580678880889 0.290625
3 0.5303117522394952 0.51015625 0.09680331888905727 0.25625