4 0.821440837364726 0.2360133481577197 0.05986699069063519 0.17689884328594588
3 0.6923998693904974 0.42509350799503187 0.11030334269572588 0.2146897347764936
3 0.7532844674172233 0.6223093964605175 0.10123742536599849 0.24119769262201593
3 0.6969226427036801 0.2766923694313503 0.09745789735836255 0.1849295119038567
3 0.2801822274029059 0.514095358018473 0.09004538669636233 0.21925906010845858
4 0.6173116994350407 0.7527594448615111 0.07534654002227174 0.16448974687674198
0 0.3077890593968607 0.469727734481906 0.01749658267027261 0.02666249394987581
3 0.5968253820814508 0.6034316105525557 0.08248742536599848 0.24108860831306062
3 0.630098222032135 0.24036852917046653 0.0880283533577261 0.18018746974937896
3 0.37264080537872524 0.3365203247427898 0.08946358402290802 0.16925906010845856
3 0.5436901967297698 0.46797537870292827 0.06153857869190808 0.1862829336450254
4 0.23314195337363453 0.29821128278470377 0.07213063335454448 0.15665906615858277
1 0.11507265869668044 0.22174825585373248 0.03661020934118144 0.05802157825883123
6 0.7056485881205854 0.89232645979043 0.05043635200509069 0.037790891490547554
6 0.5652235827895853 0.9086958274732643 0.055160214672181594 0.040943162567786476
7 0.6346639261218581 0.9012878484523072 0.06924089600572714 0.04258747579950324
7 0.4949838081237671 0.9145367613146813 0.06767839600572714 0.042578385440423715
2 0.42552528345794877 0.9203822403356383 0.031649989337999784 0.034556807181592576
8 0.3591917587921306 0.9262459000747547 0.05045453333863614 0.03935339149054791