4 0.8616129460534522 0.3987360619551703 0.08528516136218052 0.21298178903121984
4 0.5297753367679499 0.7491253847530525 0.08304995202099903 0.15516019867214012
4 0.1769544933561353 0.1689868702169172 0.08526698002863502 0.21141928903121973
0 0.24179024737427085 0.3029487797596417 0.027035214672181597 0.040779536104353475
3 0.37598288669636226 0.22092259582002863 0.07403857869190791 0.18635565651766245
3 0.2128487293920882 0.4340215177575891 0.10801468403881635 0.2865465540583344
3 0.3039009907304061 0.471267508584207 0.11212038136536222 0.2365738251355733
3 0.36030553206554244 0.4848760115110732 0.10178286537236189 0.28807269262201596
3 0.41659989071449777 0.35474360479701905 0.08864651869827131 0.23331246974937905
3 0.5590868353755435 0.3141691226528041 0.10258174936345324 0.22245678298109556
3 0.6986305933720437 0.2892014597904299 0.0750556386855445 0.13948974687674198
3 0.6813623720559974 0.41643612548147446 0.09969310669954404 0.24275110226293622
3 0.7842981100811326 0.6021787036421099 0.11526356269890758 0.23815450585373235
3 0.7191651007717679 0.7783503182016862 0.12770901869827114 0.2335397287263694
1 0.7589590186982713 0.237212233794535 0.05092724801081765 0.07997839149054772
6 0.5954468847867217 0.887779339475317 0.09573067067154532 0.036492011903856536
6 0.3245253101129494 0.8338629573545429 0.04098862667090888 0.031486349336070064
8 0.44518325545031284 0.8642504150036736 0.04418635200509069 0.03775453005422946
5 0.45573040412153987 0.897903252337691 0.023764764003817974 0.028261355386194252
2 0.4275508601209035 0.893052125874258 0.031577264003817974 0.028306807181592574
7 0.5033048381205854 0.8911492582896194 0.05697725334181776 0.06282725292686635
7 0.3795764367838583 0.8654311199223297 0.05697725334181776 0.06282725292686635