6 0.3212286854917372 0.82890625 0.0907977168225127 0.0296875
6 0.5831019715960907 0.85546875 0.03608294574527395 0.025
7 0.4042093571347102 0.8578125 0.04406816256778665 0.0546875
7 0.5238087848278072 0.86953125 0.04876475292686635 0.05625
8 0.4643110649802324 0.8484375 0.04863748789975162 0.034375
5 0.4472917366232053 0.87734375 0.0220568071815924 0.03125
2 0.4738678721618248 0.8796875 0.029851126463433176 0.028125
4 0.45435428199913697 0.7484375 0.058376102262936415 0.096875
4 0.2448595446885605 0.325 0.06076582493918146 0.2390625
4 0.966079517953981 0.26640625 0.06784096409203819 0.2203125
3 0.6890509479847691 0.53515625 0.13107832493918145 0.2390625
3 0.7139509540348932 0.51796875 0.1154078731437835 0.23125
3 0.5493930294650541 0.4328125 0.09029878883482798 0.2125
3 0.5053021409995685 0.37421875 0.13420332493918147 0.2390625
3 0.512151062937129 0.20859375 0.0636635659621911 0.2
3 0.49622660196834867 0.29140625 0.07155787919390769 0.2140625
3 0.35827767095560187 0.4828125 0.07970672247985347 0.271875
3 0.42655549316430885 0.5359375 0.09056240924813697 0.2578125
3 0.49003725194490755 0.7046875 0.07451925273047451 0.1859375
1 0.4073726593463328 0.19296875 0.04891019867214012 0.08125
0 0.5423754150036736 0.43515625 0.02361930718159222 0.03125