7 0.2302996793434171 0.9109375 0.028379530054229284 0.04375
7 0.15445934200939962 0.90078125 0.028379530054229284 0.04375
5 0.07860991431630249 0.8890625 0.02204771682251274 0.0296875
2 0.05594002877768306 0.88671875 0.026771578258831207 0.0359375
8 0.10988264021400154 0.89296875 0.04240566861791084 0.0375
1 0.6380964602814092 0.37109375 0.04259656615858276 0.0703125
4 0.6649407614128773 0.41953125 0.05406130698520073 0.1609375
4 0.4966650227275588 0.90390625 0.08080561416679295 0.1921875
4 0.062283394024630546 0.365625 0.06352721057599679 0.1765625
3 0.02855835469882322 0.47734375 0.052789698475748395 0.2109375
3 0.42164021330647133 0.3625 0.0775442587805987 0.16875
3 0.5161487374087723 0.35859375 0.0713033491396784 0.1703125
3 0.5004924420328407 0.4875 0.08542948165323558 0.18125
3 0.5138827763417961 0.50625 0.07624537919390768 0.2140625
3 0.4054981046006274 0.5421875 0.0840851502711466 0.21875
3 0.5510924057320954 0.590625 0.07937037919390769 0.2140625
3 0.62489806527482 0.65390625 0.09188855991206672 0.2171875
3 0.6327969236860763 0.66875 0.09514082493918145 0.2390625