4 0.807852364854164 0.25700994399675803 0.11717945140261463 0.26786018657189176
3 0.18538701239483601 0.22781995208998568 0.1687964935570923 0.2775351684215191
3 0.08415877215739336 0.7080801447120015 0.16725217427525157 0.2806510780624395
3 0.2705200156162898 0.3656012323406067 0.1253101139704013 0.32259313836728987
3 0.6041586965308408 0.4902183954975685 0.15965784289316237 0.3181056262670413
3 0.8502529674116879 0.3544162091220685 0.10803171037960517 0.30686814441741406
3 0.6631695612868089 0.6867434166730032 0.15972147540671972 0.32904312626704135
0 0.8002160850945224 0.4953275554330765 0.02522725897699054 0.039207945745273955
6 0.601232121788051 0.8589729406771083 0.0939318071815924 0.03179542154477701
6 0.32957983558550163 0.8222734131569618 0.0392352168225127 0.02991475897699054
8 0.4513230253788471 0.8442206151487517 0.04239657825883114 0.03618293969514959
5 0.46284633265863545 0.8777461874556545 0.022038626463433176 0.028252265027114733
2 0.43395826337679466 0.8747893590986274 0.029842036104353476 0.026735216822512696
7 0.5089946248131131 0.8681030218628057 0.05347952400410509 0.061246572208706954
7 0.38644291394252867 0.8508478650505558 0.05347952400410509 0.061246572208706954
1 0.9710886839396131 0.12950204665247778 0.05684087334017533 0.10188975292686622