4 0.7195978650505557 0.3956059958947834 0.06505334913967822 0.1706852047222643
3 0.36527293765204616 0.5998015747427898 0.12149424668035032 0.2038249576491305
4 0.5259826577942086 0.7741799269075302 0.07131243949875792 0.17228406615858277
3 0.25489956079582965 0.3679016140685971 0.060329487703359864 0.1644079336450254
3 0.41352863047045385 0.631333375874258 0.10129992134838535 0.22401928298109547
4 0.11086373536566882 0.2819045058537325 0.061910168421519085 0.1675420240041051
1 0.6911915847999348 0.30950032425181045 0.03470225292686635 0.05644998789975162
6 0.5505639803956991 0.9792729182742252 0.054942030054229284 0.04145416345154942
6 0.4069639713205128 0.9539623547970191 0.05964771077238851 0.04722043364502539
7 0.47798499844787584 0.9668759661351416 0.07686248184962743 0.05200792759490156
7 0.33204578455222933 0.9394635175611974 0.07372839149054773 0.050427246876741806
2 0.2665025977839459 0.9250192224798536 0.03616475897699045 0.03927157825883114
8 0.19937418511796343 0.9144720870394298 0.06743293969514967 0.042578385440423715
5 0.13538440799060036 0.9015993823171655 0.02678066861791084 0.0376545361043533
3 0.5627847836684665 0.3571924148072818 0.08542039129415606 0.18017837939029935
3 0.5294637444408551 0.31012197208707004 0.08227721057599666 0.17703519867214013
3 0.4490904432111911 0.2932475685944697 0.06811471662612104 0.15976588544042353
3 0.48367854576871494 0.3911083516737611 0.08542039129415606 0.18017837939029935
3 0.4192569765850701 0.45245439695149675 0.09626698770335995 0.16461701190385672
3 0.35018881401728347 0.5067419211519936 0.09653060811666876 0.20992951190385672
3 0.32371721760807964 0.4909623850476401 0.09346015027114643 0.2192863311856975