6 0.7011150821132676 0.8263297599061407 0.09256930800445425 0.03388519867918127
7 0.6178758681174037 0.857771211250822 0.047511346674090404 0.055232940006363404
8 0.5560571207829037 0.8498956239258671 0.048837489337999786 0.03493862133990859
2 0.5486264287873581 0.8827990305935943 0.029960220003181704 0.023782945337363515
5 0.5751616567870399 0.8801461979233217 0.02218408267027261 0.02681703866963616
7 0.49849915945254 0.8724433332670485 0.052253390674726855 0.059974984006999674
6 0.4374162087841764 0.8606524052753208 0.03782726400381797 0.028561352005090867
4 0.9851760733609078 0.5190326911999152 0.0296478532781844 0.2488374893379998
1 0.6267726800206809 0.14507121658182207 0.04780224801081765 0.08023294000636332
4 0.406982726766359 0.7297387599459115 0.09622266136218052 0.2135908800127268
4 0.15682435403404388 0.2489903886457737 0.07282152402927138 0.21644316000954503
3 0.319044732733906 0.49166714262413835 0.08897378270208929 0.26193747334499945
3 0.44362656206236084 0.45427513594050273 0.08882833203372584 0.24943747334499947
3 0.46853510805217946 0.37897514393700293 0.09320674936345305 0.22292951734563574
3 0.438665794716725 0.36369558927436635 0.0838499306969986 0.22438292934436319
3 0.48864816072563355 0.4287478772676849 0.11976924936345305 0.22323860001590834
3 0.5612947727164068 0.3599246045910489 0.10388971069381689 0.2011817866804539
3 0.5498385573679074 0.2483240332590943 0.09480561203054413 0.22607269867918128
3 0.588512895408951 0.5502587032543218 0.09691355203690737 0.27296588001272665
3 0.8246236654200869 0.6295536625557323 0.08404992536599849 0.24157042934436318