2 0.8734375 0.9378940107255062 0.021875 0.03137726502711473
5 0.85078125 0.9401059505188518 0.0171875 0.02822499394987581
8 0.81953125 0.9360178933372595 0.028125 0.03766362646343317
7 0.77734375 0.9357724536421099 0.0203125 0.04074317466803521
7 0.70078125 0.9345457760472087 0.025 0.04233294574527378
3 0.23046875 0.8427470779642435 0.0875 0.3098840601084586
3 0.31640625 0.5307470477136226 0.0640625 0.2894352047222643
3 0.33984375 0.5347896530998169 0.075 0.3160613372358217
3 0.2703125 0.5546976321207738 0.0890625 0.2864556504675383
3 0.39140625 0.5194646349494443 0.0828125 0.28485678903121964
3 0.49140625 0.7255151679305397 0.0828125 0.36923178903121967
3 0.671875 0.6492213544042356 0.09375 0.29273292154477704
3 0.78046875 0.5334468843602691 0.0640625 0.2738102047222643
3 0.859375 0.8354684474937898 0.1203125 0.32413745764913066
4 0.33125 0.30114590612487896 0.0421875 0.21899543969514976
4 0.35703125 0.8876482392158909 0.075 0.22470352156821818
1 0.3640625 0.2443055536655509 0.040625 0.08929884933607006
0 0.36796875 0.23026577956324998 0.0171875 0.03603749394987581