7 0.715625 0.98671875 0.034375 0.0265625
7 0.8015625 0.9875 0.034375 0.025
5 0.88125 0.9921875 0.021875 0.015625
2 0.9078125 0.9921875 0.025 0.015625
8 0.84921875 0.98984375 0.0390625 0.0203125
4 0.5203125 0.9328125 0.096875 0.134375
4 0.86484375 0.725 0.096875 0.340625
3 0.86015625 0.90390625 0.0984375 0.1921875
3 0.61796875 0.67734375 0.0890625 0.403125
3 0.4921875 0.64765625 0.0703125 0.371875
3 0.2859375 0.42890625 0.0953125 0.328125
3 0.3265625 0.25859375 0.06875 0.2828125
3 0.36796875 0.42734375 0.0859375 0.328125
3 0.440625 0.33125 0.053125 0.3203125
3 0.5328125 0.45 0.0921875 0.3578125
0 0.6203125 0.321875 0.025 0.04375
3 0.6328125 0.5375 0.075 0.328125
3 0.59453125 0.52421875 0.0671875 0.375
1 0.62890625 0.19921875 0.053125 0.0921875