7 0.3458474214671757 0.9877919960216353 0.031577264003817974 0.0244160079567294
4 0.6747162141151766 0.8561736574235868 0.12489310136854392 0.2607931440165448
3 0.7525224934356771 0.7625605647676317 0.1553805800445435 0.32988858935390813
4 0.5785266313653621 0.24263732141149638 0.0820510733609078 0.20405224801081764
1 0.530188581357408 0.18348904073836034 0.053961341343090476 0.07249316534054513
0 0.5238573126989076 0.2435634747374058 0.02699885200509069 0.03780908267027261
3 0.5764203333863612 0.3972793680776328 0.09833060136854392 0.26048406134627217
3 0.5641839627227702 0.4197901674092693 0.1222953600413618 0.3060692813494537
3 0.5576634320894049 0.6649935794079965 0.15848739871099796 0.328362452020999
3 0.49699701006522423 0.4861867794000424 0.10009309603754382 0.27768974267981755
3 0.46274873205758826 0.4295458807288153 0.1330328653723619 0.2890090506842718
3 0.4229328014003606 0.49860441605663375 0.13546697469763486 0.22967041335136287
3 0.30159196137013466 0.27456638470718 0.11230219470081657 0.25283519334818116
3 0.3595157387412239 0.5533277313812706 0.13297832137172544 0.2843215506842718