3 0.17265625 0.45078125 0.10625 0.2671875
3 0.2328125 0.42734375 0.06875 0.265625
4 0.13125 0.2390625 0.09375 0.209375
4 0.7109375 0.8734375 0.1125 0.253125
7 0.67578125 0.96484375 0.04375 0.0453125
7 0.86640625 0.9625 0.040625 0.046875
2 0.621875 0.96640625 0.0328125 0.04375
8 0.56640625 0.96640625 0.05625 0.053125
5 0.5109375 0.96953125 0.034375 0.040625
3 0.1921875 0.8375 0.0875 0.325
3 0.56640625 0.64453125 0.0890625 0.265625
0 0.521875 0.596875 0.025 0.053125
3 0.56640625 0.51640625 0.140625 0.2640625
3 0.6625 0.659375 0.18125 0.25
3 0.109375 0.58359375 0.1 0.30625