7 0.3412889743455749 0.9561199939529113 0.03620112041330899 0.04573067067154533
7 0.26389522737063703 0.9656137199634107 0.034629530054229286 0.04414998933799978
5 0.1896219352161593 0.9758523333068194 0.0220477168225127 0.029942038669636163
2 0.16616625449800007 0.979250053310001 0.025199987899751575 0.03466590133672724
8 0.21933216111385834 0.9716006379694558 0.037709078258831144 0.03637385200509087
4 0.5181378206565828 0.9048467532622759 0.10728630093507655 0.17936133068109045
4 0.18562127820751756 0.7235722179742284 0.1158987525340828 0.31695223734881744
3 0.20727304352921982 0.8959648386378195 0.11368174668035032 0.2044340560152719
3 0.4063019377502421 0.6577273999443207 0.11465441510186931 0.3716215560152719
3 0.519020106368153 0.6189183439290487 0.09573169827935679 0.3417158800127268
3 0.6905825307416004 0.40209282857259526 0.11270102966144577 0.30441587468172654
3 0.6414642955723233 0.2511121312460495 0.08588399960721649 0.260356792011454
3 0.6155507144848217 0.40843428258277664 0.10644193930236626 0.3027806493475449
3 0.5425859131569618 0.3280388052594125 0.07357489714788841 0.29302384134309045
3 0.46691777176460986 0.44375525926959386 0.11441806576579942 0.3309965560152719
0 0.37849159690018314 0.3354165952816842 0.026807939695149673 0.04249658267027252
3 0.3828195068356911 0.5314467106142752 0.09550443930236625 0.3026533800127268
3 0.4164950700674077 0.5169933119430481 0.09262487899751584 0.3448045173456357
1 0.361949512394836 0.22467908995068409 0.05674996974937896 0.08659202800763603