6 0.29755767594458127 0.824415234481906 0.09554884933607007 0.04117951190385653
8 0.4403809801993074 0.8502470023376911 0.043949987899751616 0.03462953005422946
5 0.42146280855633445 0.8790441680287356 0.025190897540672098 0.032957945745273776
2 0.4495696278381752 0.8823327944921686 0.0298693071815924 0.031422716822513054
7 0.4996150796335733 0.8748111859827166 0.048782933645025395 0.059656801131468026
6 0.5606298476857501 0.8618844599868215 0.0376727168225127 0.029905668617910663
4 0.8840269619507388 0.7364178691367627 0.10791353571156996 0.2865556444174139
1 0.6263301749626227 0.17786852917046653 0.052062469749379045 0.08623748184962743
3 0.6028416362259905 0.4550850141433519 0.09683058996629619 0.26149201190385674
3 0.5850905339630541 0.551860020193476 0.1032805778660478 0.29590337334017514
3 0.35991833802138856 0.44585896330647135 0.11876922247985347 0.27255677693097125
3 0.3656178504162246 0.6748061199223295 0.149791963502863 0.23367608411256385
3 0.08605411202549366 0.38332610528799843 0.13755558391617195 0.2789158612399268
3 0.14655072961013219 0.4594618792921034 0.13136921642972926 0.28981699980360814