6 0.22373606195517032 0.8557585997288536 0.04706589754067192 0.033085210772388504
6 0.22396332093216076 0.8948210997288534 0.04241475897699045 0.03930793969514994
7 0.17764685713471012 0.8568080153217021 0.02989657825883123 0.03611021682251305
7 0.17944116129124038 0.8966426749626226 0.028343168617910842 0.03766362646343317
8 0.12607981195517032 0.8563267471713296 0.04552157825883123 0.03620112041330899
2 0.14118263718893942 0.9007716387600733 0.025181807181592353 0.031395445745273774
5 0.11070479682985981 0.8993864007621258 0.020503397540671965 0.03293067466803521
0 0.13856058947531685 0.584369933939613 0.018986349336070064 0.04073408430895533
3 0.12613331234795377 0.59694265681225 0.06225560206654457 0.2269170240041051
4 0.118811170857406 0.5469835634281083 0.03558401775758915 0.20801248789975163
3 0.33310092983439643 0.5848006842342006 0.03580218637549999 0.2455124878997516
3 0.4614663034691592 0.49108197961013217 0.10594196955298721 0.21623405405833437
3 0.48038849941082484 0.38628085012163693 0.049528343089554026 0.1877818011314681
3 0.7454322373105764 0.41911503425764174 0.05897606596219092 0.20033634328594588
3 0.7518362525340828 0.3112616276417835 0.04020788524403187 0.19710225897699046
3 0.7900589360809124 0.4352622090238727 0.05272606596219109 0.20029998184962744
3 0.579371941836449 0.6138377026791609 0.0998646863754999 0.24588519262201594
3 0.606524794295777 0.5808661213952675 0.0764999092481368 0.2582488372358217
3 0.5817066014773694 0.6122615671405415 0.06100217427525152 0.2800329336450254
4 0.7658033037637468 0.29477356441006697 0.03218630698520055 0.1611193071815924
4 0.6752025923039872 0.7023456907753042 0.0529987767345796 0.24717498184962744
1 0.41621639422102225 0.23352400966436146 0.034738614363184796 0.06269998789975162