2 0.9397128388069553 0.951500293205006 0.09391362646343282 0.029215880012726812
5 0.7842440888069555 0.9533093358927778 0.02836134933607006 0.040952264003817976
7 0.8348122362494316 0.8550712832193235 0.03626475292686635 0.05666817067154532
7 0.8879463266085112 0.8528906178787782 0.04093407220870695 0.05359771467218124
4 0.43615254333282805 0.7636228639401846 0.055941969552987206 0.21626134667409042
4 0.24557001259122774 0.355712008633047 0.041734023807713336 0.1910977146721816
0 0.2180227712736306 0.12245461330363772 0.01895907825883123 0.036155676002545344
1 0.30633986182910194 0.2495432772915474 0.03788179508134402 0.0660613520050907
3 0.8272876452029809 0.40284571188736884 0.06374537919390769 0.21478975334181777
3 0.537411037184508 0.6804189179265034 0.09389648750696811 0.29482269867918126
3 0.4381882628858154 0.5479887732734119 0.040626041761694154 0.26920453333863603
3 0.41292970853289335 0.45844501527691167 0.03891809601642038 0.2441863520050907
3 0.3678666725267357 0.5503694332829568 0.04850217427525161 0.2802329400063634
3 0.3509700640172835 0.5005694279519568 0.032704457452738825 0.2503636266709089
3 0.3193524253554061 0.4298483952896383 0.051399915298261156 0.24120680267345412
3 0.22866379284184876 0.4418404126352741 0.042006734580101936 0.2379727146721816