7 0.440625 0.9174072312604522 0.05 0.06591589149054755
7 0.5640625 0.9220316196277419 0.0484375 0.05653180113146803
6 0.628125 0.9059980743500062 0.0375 0.029905668617910663
6 0.3515625 0.8903265807929139 0.096875 0.03337610226293641
8 0.503125 0.9029270956236368 0.0515625 0.03779998184962743
5 0.4859375 0.9356396016737613 0.025 0.032957945745273776
2 0.5140625 0.9365844781371943 0.028125 0.031413626463433174
3 0.36484375 0.3833725988450908 0.1 0.20370678298109554
3 0.55546875 0.48682537265280407 0.071875 0.15823065651766227
3 0.63046875 0.48648045988862576 0.05 0.22372839149054774
3 0.69921875 0.538442935688129 0.078125 0.21764201795398072
0 0.6859375 0.6547719176359521 0.0265625 0.03452953610435365
3 0.79375 0.6733679024124457 0.0796875 0.1957761083130606
4 0.76015625 0.4028599596922341 0.0328125 0.1892533975406721
4 0.0265625 0.3665607861043535 0.05 0.17841589149054782
3 0.5796875 0.5541537732185382 0.0578125 0.14252384328594586
3 0.56484375 0.6501611648072818 0.1015625 0.20996587334017516
3 0.63828125 0.6724634116840238 0.1078125 0.2553147347764936
3 0.4671875 0.5824055173648057 0.0484375 0.23465680113146803
1 0.70859375 0.33927872784260665 0.0375 0.07209316861791085