4 0.845745567950366 0.355734354551278 0.07280334269572605 0.21488066000954512
4 0.5288456852323683 0.7374956212603669 0.07367495202099902 0.15552384134309047
4 0.1485903993077739 0.18652675131286456 0.07120448002863507 0.21173747867599957
0 0.219737598623502 0.3153688193030014 0.02545453333863614 0.039353401336727066
3 0.3497165473026832 0.2216813592855022 0.06310107869190791 0.1866465720082723
3 0.19630809460536647 0.44921710797263764 0.08928286537236185 0.28849997334499944
3 0.28892230860123025 0.4786040686266837 0.09803970003181668 0.235484061346272
3 0.3466257205999576 0.4873063592855022 0.08305104670590727 0.28998974801081767
3 0.3966268152848659 0.35236773794559345 0.07458401869827132 0.23364884134309047
3 0.5386421399586382 0.2983785772597306 0.08851924936345305 0.22287497334499945
3 0.6765512199634107 0.2616223699077315 0.06566245735199913 0.1382454346753632
3 0.6656762599459116 0.39063770790900415 0.08406810669954404 0.2431329293443631
3 0.7776569972549581 0.5682167205601868 0.09962038136536222 0.23706474267981753
3 0.7208604625636866 0.7501030672342773 0.11206583736472595 0.23252269334818115
1 0.7350273386378194 0.20391841056655008 0.04623974801081765 0.08021475867281787
6 0.60150084054746 0.8710070079169583 0.09565794533736352 0.030796561346272
6 0.3268917392186871 0.8406131726209566 0.03940794533736351 0.030142033338636055
8 0.4500837912158236 0.8602705972708666 0.04258748933799979 0.034865896005727134
5 0.46220198321136924 0.892937646602503 0.022202264003817973 0.028379538669636162
2 0.4333230052116875 0.8909302512730937 0.030014764003817973 0.028470445337363516
7 0.5091860712126419 0.8830172065961396 0.05383407200827221 0.061555665340544866
7 0.38438606588164176 0.8672842132797751 0.05383407200827239 0.061555665340544866