8 0.8917889440949539 0.87421875 0.04396816861791066 0.0375
7 0.8441054230177152 0.87890625 0.03149543969514994 0.0421875
7 0.7659122453246179 0.890625 0.034638620413308986 0.0453125
2 0.9457588266085111 0.86328125 0.026753397540672096 0.0328125
5 0.9238474651721926 0.86953125 0.025218168617910663 0.0375
4 0.5151946278381752 0.8796875 0.10139991529826116 0.240625
3 0.28657472414918317 0.83046875 0.13464875253408284 0.315625
0 0.29925861485416405 0.26171875 0.025236349336070062 0.040625
1 0.3149199762904825 0.25546875 0.04732042759490129 0.0765625
4 0.256430244539051 0.371875 0.06831470452587265 0.19375
3 0.809555244539051 0.371875 0.0764271863754999 0.2453125
3 0.7815655581635509 0.6171875 0.101618083916172 0.278125
3 0.3645467506873711 0.45390625 0.11455442115199359 0.353125
3 0.3333376573032293 0.446875 0.1067601018701529 0.35625
3 0.36015364559576435 0.671875 0.11282829468856051 0.325