2 0.11092751062731046 0.9388948492378741 0.022056807181592353 0.03137726502711473
5 0.13438319134546967 0.9421562046240683 0.01891362646343313 0.028234084308955687
8 0.16561955580685023 0.9399942618056608 0.03616475897699045 0.03927157825883114
7 0.21015080580685025 0.9402533370394298 0.020557939695149675 0.04230567466803521
7 0.28985194134546965 0.9430606953524905 0.025254530054229285 0.04389544574527378
0 0.7681708214231401 0.5763247307694729 0.014235216822512697 0.02976931323171659
4 0.9256020472226432 0.6459883118569745 0.055960150271146605 0.21906816256778666
4 0.42778775770044425 0.8843098762179433 0.08572037314378349 0.23138024756411327
1 0.7135186410977643 0.31351565856076585 0.030042024004105095 0.0611102168225127
3 0.6776362041330891 0.4570520351223949 0.06511698165323558 0.18162270472226433
3 0.6314333698241337 0.43803386952954615 0.07614538524403187 0.19731133723582167
3 0.7251157130118837 0.5612309958947834 0.06534424063022612 0.22068520472226433
3 0.5731623275714601 0.49316173106406047 0.05602378278470379 0.23000566256778665
3 0.5214861980829649 0.47333049921443315 0.054288565962191095 0.20030907220870695
3 0.45484411962774196 0.5666896137740095 0.04029878883482816 0.21272725897699035
3 0.26769760187015285 0.35779536104353504 0.07125789734428026 0.16290906615858275
3 0.10300838797450633 0.38339882816063536 0.051036300935076453 0.17841589149054782
3 0.6998531343602691 0.7845139597904299 0.09028969847574828 0.21145565046753828