2 0.12578489616592986 0.9399250423508695 0.023628397540671964 0.032948855386194256
5 0.14923148652500948 0.9413511869646751 0.020485216822512742 0.029805674668035208
8 0.18124455580685023 0.9380398346035431 0.03773634933607006 0.040843168617910666
7 0.22654796544777062 0.9362137141902341 0.022129530054229286 0.04387726502711473
7 0.3085610347296114 0.9326114703385542 0.026826120413308896 0.0454670361043533
0 0.597436140606785 0.6301394135497453 0.02208407825883114 0.03606476502711473
4 0.7051673482559155 0.7498292239527915 0.07631810206654457 0.22699883723582168
4 0.711678885145836 0.25758718179831375 0.03841812626704133 0.15803066861791085
1 0.7137681050916067 0.2138235462596943 0.03635565651766246 0.07208407825883115
4 0.10881296037960508 0.30562731040304614 0.05729539129415606 0.18001475292686617
3 0.21887882766965605 0.42374098526747295 0.06698855386194272 0.234756795081344
3 0.3510009812604522 0.43859784992524525 0.06528969847574836 0.2113102047222643
3 0.558941267168414 0.593643377347196 0.09478630093507637 0.17867042154477702
3 0.6516282160369459 0.5446650009819587 0.06362720452587248 0.1941136143631848
3 0.6735350322937246 0.5500064859548439 0.04522263817089822 0.2533795300542293
3 0.5992834242752515 0.2762104376520462 0.04476812021691714 0.17525453005422928
3 0.5806561441228264 0.2974132719610016 0.07904312626704132 0.1582670179539809
3 0.5378282946885605 0.3218820068356911 0.08076016237139498 0.18483860831306043
3 0.5771089633064713 0.35915474785870066 0.05889425273047451 0.18627384328594587