6 0.59375 0.8612668364502547 0.0984375 0.036510192622015936
6 0.3109375 0.8189964814568439 0.040625 0.02836134933607006
7 0.49921875 0.8693106197259379 0.05 0.061228391490547554
7 0.3703125 0.8505919151018695 0.0546875 0.06281816256778683
8 0.4375 0.8439515505422929 0.0546875 0.03938066256778683
5 0.4484375 0.8791714330558502 0.025 0.03452044574527378
2 0.4203125 0.8751015565924171 0.0328125 0.0314408975406721
1 0.728125 0.13626735733110187 0.0484375 0.08465680113146812
4 0.85390625 0.2401241312370111 0.078125 0.2129545179539809
4 0.48125 0.7012373305965223 0.08125 0.18328519867214013
3 0.77890625 0.6928127940011894 0.10625 0.2896806444174139
3 0.7703125 0.5990127970262515 0.13125 0.294513590162688
0 0.63984375 0.37169125204310344 0.021875 0.03293976502711464
3 0.60546875 0.48321001414335185 0.090625 0.24427724082661778
3 0.5921875 0.39797649609117514 0.0921875 0.2974113311856975
3 0.58671875 0.26356967983439644 0.0796875 0.2395261083130605
3 0.575 0.12365775214129933 0.084375 0.21924087939029935
3 0.384375 0.21864247833358594 0.0953125 0.20992951190385672
3 0.41484375 0.2781947403356385 0.090625 0.2583397408266178
3 0.4140625 0.40319019515609866 0.125 0.2772897287263694
3 0.31171875 0.42603227663638366 0.109375 0.2600113251355733
4 0.19453125 0.11206924970541239 0.0921875 0.21459883118569745