2 0.009991060894025508 0.8806142006683636 0.019982121788051015 0.036228401336727244
5 0.03156451640185675 0.8863647613383179 0.02361930718159235 0.0315227200031817
8 0.06593042604277713 0.8883272506763177 0.04402271077238853 0.04738407733927232
7 0.11198326942691886 0.8958948500159083 0.02683521077238855 0.04718408267027243
7 0.19550429655428192 0.9093675513605897 0.03309430113146812 0.04881930800445424
0 0.37910311261466884 0.7763385173854067 0.029932939695149673 0.042532945337363515
1 0.7579250877268009 0.25805487810308614 0.0457670179539809 0.07865225867281786
3 0.5960563468019873 0.2819543600811326 0.07469196955298721 0.21647952267663592
3 0.6224865157144857 0.43930378341817794 0.0826862767345796 0.24782042934436319
3 0.4940564678044714 0.6245407547342241 0.12034081283893308 0.2748192813494537
3 0.4119752208295335 0.6321799847230883 0.11591693325224206 0.32007723734881743
3 0.3690519226249316 0.6238674980505886 0.0858021863755 0.24629429201145392
3 0.3223991155415351 0.7194248987109979 0.1671339996072166 0.2613022213558171
3 0.2554990036142373 0.40065617003499837 0.07951582493918145 0.2399715666772723
3 0.26235805767257164 0.29604139536918017 0.09666696350286301 0.2339215613462721
3 0.40638024756411306 0.3852231687221338 0.08412151170746487 0.22596361067790854
3 0.18014954567051913 0.32555562535804433 0.08572946350286306 0.2337942920114541
4 0.27936621214713064 0.864246502705271 0.09665787314378349 0.232359061346272
4 0.3877625786516147 0.22796465205281574 0.06841469847574846 0.21171929734245412