2 0.8593309745385515 0.9386866699926528 0.0222386266709087 0.03137726502711473
5 0.8358662025382332 0.9411667753788471 0.019077264003817974 0.028234084308955687
8 0.8046616558720968 0.9374423325604395 0.036392033338636054 0.03927157825883114
7 0.7617110872056422 0.936129817435129 0.034811352005090515 0.03769998789975162
7 0.6820417685391877 0.9350309257481897 0.036428396005727136 0.04239657825883114
3 0.4174280219207763 0.5811257175098838 0.08621240937299816 0.29266928903121964
0 0.4908671639481387 0.3791496061717612 0.017532945337363513 0.029787493949875808
1 0.3517324859564111 0.31902569330938696 0.041515885343726744 0.07679884933607006
4 0.268819441279457 0.39528418716106695 0.055524936027998704 0.20655907220870695
4 0.5647633618714605 0.943525202679161 0.06842383068109026 0.10664088544042372
3 0.5015115732415951 0.6728177929400446 0.07046014003818009 0.28164088544042354
3 0.5374047145926397 0.5421490550402931 0.052145397358362544 0.1846658914905479
3 0.5782751625955033 0.520818955704223 0.08203289202736244 0.20202610831306062
3 0.5738678312380954 0.6981763412428423 0.05974081604072552 0.3003272529268662
3 0.8092717186107754 0.4069826729195191 0.06384651336727103 0.2503545240041051
3 0.5397677406110934 0.4062070098607532 0.1010374306969986 0.22401019262201594
3 0.4823825019494114 0.36982460314669907 0.06268290802036276 0.1503545240041051