3 0.43675040073995114 0.5373393560735653 0.14476924936345323 0.22270222267624523
3 0.633033412714816 0.35102863047045385 0.09297039202736243 0.2020897408266178
3 0.10519241275458686 0.6470881025575238 0.11188402402927138 0.2162613251355733
3 0.3840606580601336 0.4407643379231927 0.09774879869508961 0.20992951190385672
3 0.5142379593809524 0.3478132477605048 0.10577947469763486 0.22872496369925477
3 0.6607424314130872 0.58369568472518 0.11953289202736243 0.20224427693097127
4 0.976182334022908 0.45370716111385834 0.04763533195418397 0.24404998184962742
4 0.6884145401018135 0.7460456938003663 0.16878855203690754 0.2728385780624393
3 0.11789930872054297 0.39621594896672774 0.08533970536281683 0.21766928903121982
3 0.6457441400779509 0.5705007931364363 0.1289624360279987 0.20698631908544912
3 0.6194061700349984 0.2542263533430908 0.05917610001590834 0.11752384328594587
3 0.42804537336886195 0.25924617233034397 0.0898999360279987 0.20675906010845857
4 0.26927944804263443 0.312517138956465 0.08837379869508961 0.20987496974937905
0 0.6334259534134054 0.5861985160090732 0.02856135200509069 0.03766362646343317
1 0.6247289220241807 0.17450249190677236 0.04300566000954511 0.07055793969514967
8 0.8551935074394951 0.777108820558387 0.05521475867281787 0.04563066256778647
2 0.9160310101049951 0.768160546554282 0.056795440006363405 0.04720225292686635
7 0.9360986094445858 0.8141406670657867 0.03648294000636341 0.04708407825883114
7 0.8051213294477675 0.8383417572284746 0.038027258672817865 0.04553066861791066
5 0.7928571394414041 0.7915349349215717 0.0380090773392725 0.043968168617911016