4 0.16782434601642035 0.24471812324197928 0.05889425273047451 0.18627384328594587
3 0.04873449931262895 0.45417441559284877 0.05904878883482802 0.21283634328594586
3 0.42211745715815124 0.44697201141287735 0.07469196955298721 0.216052246876742
3 0.5764362767345796 0.25022025214129934 0.04623062626704133 0.1580761204133089
3 0.7407770744482022 0.5675718994855796 0.08248628883482798 0.21297269867214014
4 0.6224093904103933 0.7668764870159889 0.05580561416679295 0.19250566256778648
3 0.8985310079950318 0.6927042305730812 0.08409424063022612 0.22079428903121964
0 0.6922930808911099 0.290736688713191 0.017351126463433175 0.02822499394987581
3 0.6501879150036736 0.43892420383850156 0.08393061416679296 0.19266928903121983
3 0.6386509721852659 0.4701060261454044 0.06831470452587265 0.19414088544042354
3 0.6398225867448424 0.40292761650448405 0.06685219847574846 0.211319295081344
3 0.6557743187908615 0.32489806527482 0.03804542154477701 0.09396816861791084
3 0.6809470356133742 0.35473101102009386 0.055896517757589234 0.20813066256778665
4 0.747098755559145 0.31136735128097764 0.05101812021691714 0.17529089149054772
1 0.6684646954506863 0.22341283332699677 0.034647710772388506 0.04707498789975162
6 0.314038875088691 0.9377328459182245 0.05178975897699045 0.03936248184962743
6 0.46255818832040757 0.9526589300307883 0.056495439695149585 0.04251475292686635
7 0.3898610317045493 0.9452049783335859 0.07369203005422928 0.04417724687674181
7 0.5375900045771862 0.9585640172666098 0.07055793969514959 0.04259656615858276
2 0.6032377304748853 0.9628520623479538 0.03302157825883114 0.0361283975406721
8 0.6743723870907437 0.9702969236860763 0.05179884933607006 0.04092498184962743
5 0.7407968178089028 0.9738082639469601 0.033048849336070066 0.040815897540672094