6 0.6872207118873688 0.8296875 0.09413180800445442 0.0328125
6 0.42044174454968725 0.86171875 0.03780908267027243 0.0265625
7 0.6024820852164599 0.8609375 0.04596702800763595 0.05625
7 0.4819968625477782 0.87578125 0.05069089067472685 0.059375
8 0.5408633325509598 0.85234375 0.050418170671545325 0.0359375
5 0.5592678872135964 0.88203125 0.023801126670909056 0.03125
2 0.5318877745465056 0.88515625 0.030032945337363514 0.0296875
1 0.6413415206476827 0.13984375 0.046221566677272105 0.078125
4 0.7781051766390922 0.203125 0.07262152936027136 0.1984375
4 0.5487405619032772 0.7125 0.07698176535645337 0.1703125
3 0.8168734912476403 0.63125 0.09845787070336201 0.2703125
3 0.7873592612587762 0.54921875 0.12193173337045274 0.2734375
0 0.6159489799490933 0.375 0.02067612667090888 0.03125
3 0.6099887866009122 0.484375 0.08546697469763487 0.228125
3 0.578030809277548 0.4109375 0.08448627737108919 0.278125
3 0.5419307719605473 0.290625 0.0729124306969986 0.2234375
3 0.49884493797741014 0.16640625 0.07894425469445317 0.2046875
3 0.34729043395927456 0.3 0.08821016669318063 0.1953125
3 0.38893249395291124 0.346875 0.08404992536599849 0.240625
3 0.4165205972708665 0.46015625 0.11706242003499838 0.2578125
3 0.3284933385980486 0.50546875 0.10281810669954394 0.2421875
4 0.14942564596595612 0.25078125 0.08515789202736239 0.2015625