6 0.6050996914436656 0.8695808679185493 0.09395907825883114 0.03702838001272681
7 0.5160690077004442 0.8760859539306395 0.048773843285945875 0.05837612133990859
8 0.4581110619551703 0.851758663271821 0.05021816861791084 0.03808180267345414
2 0.441096278777683 0.8816461579408209 0.029832945745273776 0.025345445337363513
5 0.4676860498549219 0.8860245752705482 0.023592036104353474 0.026835220003181705
7 0.3948661733914888 0.8587450072804115 0.0550511143631847 0.0631363466740904
6 0.3392201613894362 0.8289216946212747 0.039226126463433084 0.028579533338636054
4 0.9757868369412341 0.6527264385344151 0.048426326117531816 0.2505999840069997
1 0.7276897045258726 0.18529567990136817 0.050472698672140125 0.08183180267345422
4 0.3454605501495095 0.6929023786203203 0.1028260599120669 0.2183692866804538
4 0.23997608108750157 0.15424950596754694 0.07939765027114642 0.21965906667727225
3 0.3283401860809124 0.4360529419557748 0.09842036104353502 0.26675224267981756
3 0.4603714360809124 0.4345166192711846 0.09678513817089804 0.2542340613462722
3 0.5052975958200286 0.3675831105983668 0.09975560206654457 0.2277079240133631
3 0.4817282856133742 0.3451995806015485 0.09038969242562409 0.22916133601209038
3 0.5118657583878152 0.42219788526418506 0.1263271924256241 0.22957950668363553
3 0.6022225927949665 0.37504961791854924 0.11055674668035032 0.20439769334818117
3 0.6234521773003137 0.26385757924891295 0.1028896924256241 0.2293067866804539
3 0.5744390021412993 0.56835472258914 0.1047339935570923 0.27776246801399934
3 0.7815389507152436 0.7120485365611412 0.09205218637550008 0.24636701734563574