8 0.1583219382412214 0.98671875 0.04390453610435348 0.0265625
7 0.20678670931846027 0.98203125 0.03145907825883114 0.0359375
2 0.1005003478821418 0.98828125 0.025136355386194253 0.0234375
5 0.12471909788214179 0.98828125 0.023573855386194255 0.0234375
7 0.28884977557523894 0.9765625 0.029951120413308895 0.0453125
3 0.8724082059006146 0.7140625 0.08565674063022613 0.2203125
3 0.662770627249 0.490625 0.0950771924256241 0.228125
1 0.6305540666495622 0.25390625 0.03946247579950324 0.06875
4 0.6357319251590143 0.30390625 0.04477721057599684 0.1765625
3 0.5997575428418488 0.44453125 0.08264082493918146 0.2390625
3 0.5464507356602564 0.47578125 0.062291963502863014 0.2328125
3 0.5040450670423455 0.51328125 0.06532605991206672 0.2171875
3 0.47503830221162263 0.66484375 0.08881810206654457 0.2265625
3 0.4424479951282262 0.7609375 0.08418514422102223 0.2359375
4 0.6571190283057134 0.790625 0.07469196955298721 0.215625
3 0.24981663017586628 0.434375 0.055851065962191096 0.2
3 0.20216947053494588 0.4328125 0.07782605991206681 0.2171875
4 0.038208006246515935 0.38515625 0.07641601249303187 0.1828125
4 0.06654000098195864 0.6484375 0.08423968637549999 0.2453125