3 0.97734375 0.777126480395699 0.0453125 0.319013620413309
3 0.85078125 0.5934877994811482 0.059375 0.3050329336450254
3 0.64453125 0.3470314768796577 0.075 0.2394988372358217
3 0.63671875 0.42832692867505573 0.0953125 0.2646170119038567
4 0.4421875 0.2505524283804682 0.046875 0.2096477107723885
3 0.28515625 0.4561535094679698 0.1140625 0.24128859621281204
0 0.4875 0.42763255796715927 0.025 0.03608294574527378
1 0.45234375 0.19814959104645066 0.0515625 0.07998748184962742
7 0.1734375 0.8021159701421624 0.034375 0.05332498789975162
7 0.0859375 0.8065312802506209 0.046875 0.058085210772388506
2 0.20546875 0.9003671177810304 0.0375 0.03615566861791066
8 0.1515625 0.9030244851692771 0.0453125 0.03620112041330899
5 0.0859375 0.905750030250621 0.034375 0.036137487899751616