6 0.3777718958903519 0.8641791120254936 0.09394998789975162 0.034920421544777015
8 0.52234859768575 0.8555257538106289 0.042378397540672096 0.03305793969514994
5 0.5104480405041577 0.8868439315037261 0.023619307181592396 0.031386355386194255
2 0.5378054260427771 0.8843411002198328 0.0298602168225127 0.0298602168225127
7 0.5847849651721928 0.8660996394474443 0.04563975292686635 0.056513620413308985
6 0.641194046456086 0.8384286365205782 0.03610112646343318 0.028334078258831143
4 0.9267053413410384 0.6414616911680877 0.09383285499341057 0.2833488311856975
1 0.5521659671171003 0.16162576288581532 0.04736587939029953 0.0846477107723885
3 0.5911956090986275 0.43560816354974524 0.0843124092481368 0.2582942890312198
3 0.5960962116561512 0.5332325972929667 0.0876373971478884 0.29268746974937904
3 0.35342289832623885 0.4838648981298471 0.10467945140261463 0.2677874636992549
3 0.41073490769601284 0.7038365096643615 0.13882719242562408 0.22892495159900647
3 0.07450301278761946 0.48783127722555897 0.12346581283893313 0.2741465480082102
3 0.14993428396305417 0.5475466448101974 0.1157169453524904 0.28503859621281225