3 0.9869115883159761 0.6325179623435224 0.02047716822512733 0.29698408430895534
3 0.9496559862494316 0.8592895406023535 0.08282263212077368 0.2707851986721401
3 0.81080308538911 0.6897906277399793 0.051818071815923614 0.31279089149054773
3 0.6186166271508042 0.4221678322658519 0.07173059601642037 0.24415906615858277
3 0.6032956332991242 0.5042854406771083 0.08906354176169415 0.26925906010845857
4 0.4177222685431561 0.3084967385871226 0.04343287919390768 0.21430793969514977
3 0.2400052929400446 0.5079614491631194 0.11079309601642037 0.2443863251355733
0 0.45023881099222135 0.4934575458669109 0.02520907825883114 0.03608294574527395
1 0.43131713593140286 0.2545132205349459 0.048901108313060423 0.07996930113146812
7 0.0989247332243695 0.8556454911212054 0.03468407220870699 0.05332498789975162
7 0.01635923556206054 0.8514534156910447 0.03271847112412108 0.05959316861791066
2 0.12488272434557493 0.9593972050168521 0.03770907825883123 0.03615566861791066
8 0.06942306470465452 0.9581574127641783 0.043959078258831205 0.03619203005422946
5 0.008991642276114683 0.9554005723069029 0.017983284552229365 0.03607385538619425