7 0.79453125 0.9265625 0.0265625 0.046875
7 0.8796875 0.921875 0.021875 0.046875
5 0.96171875 0.9171875 0.021875 0.03125
2 0.98671875 0.91484375 0.0265625 0.0359375
8 0.928125 0.91875 0.0421875 0.0375
1 0.6828125 0.2453125 0.0390625 0.06875
4 0.69375 0.328125 0.0421875 0.1796875
3 0.01328125 0.36953125 0.0265625 0.2328125
3 0.00625 0.48984375 0.0125 0.0609375
3 0.0421875 0.59375 0.084375 0.2625
3 0.21015625 0.8671875 0.1328125 0.265625
4 0.21796875 0.92265625 0.0890625 0.1546875
0 0.78828125 0.41484375 0.015625 0.0296875
3 0.8046875 0.4375 0.05625 0.2296875
3 0.60859375 0.496875 0.065625 0.265625
3 0.6375 0.52578125 0.06875 0.25