6 0.87109375 0.8109576565484146 0.0546875 0.0443863466740904
6 0.8796875 0.8522639092139146 0.0515625 0.05059998400699968
7 0.91953125 0.8018002852085058 0.0375 0.04418635200509051
7 0.9265625 0.8431247192075514 0.0375 0.045748852005090865
8 0.97265625 0.7886821198679607 0.0546875 0.047511346674090585
2 0.9671875 0.8379645045353697 0.0328125 0.0378818080044546
5 0.9921875 0.8282986031986426 0.015625 0.03924431333545435
4 0.66796875 0.3453524799093224 0.090625 0.20417951734563583
4 0.096875 0.7113727573201823 0.1 0.2683511053469084
3 0.21015625 0.6327108606381376 0.1125 0.2700590560152719
0 0.2765625 0.44287565396245626 0.028125 0.040952264003817976
3 0.26875 0.5085915606301835 0.1109375 0.2137908746817267
3 0.3515625 0.5310654499522749 0.1 0.23710110534690845
3 0.3640625 0.5785762492839114 0.1 0.27928860534690847
3 0.428125 0.5379870646085482 0.109375 0.24502269334818116
3 0.41328125 0.5514410372772298 0.121875 0.2732931440165448
3 0.5203125 0.3791018659293669 0.08125 0.1806329293443632
3 0.5765625 0.4698535879217308 0.103125 0.24494996801399935
1 0.296875 0.33170179662636545 0.0515625 0.07716248400699968