7 0.7743314804748852 0.9549025433328282 0.022138620413308985 0.045439765027114734
7 0.8602871611930446 0.9575275735834492 0.015888620413308983 0.045403403590795935
5 0.9431132967316639 0.9593895345522295 0.020494307181592574 0.03136817466803521
2 0.9688990919112037 0.9600207936274157 0.02520907825883114 0.03608294574527378
8 0.9095104563725844 0.9580224772724412 0.04239657825883114 0.03618293969514959
3 0.17080143861499514 0.7545006267580207 0.09239762002052547 0.3052147408266178
0 0.3188651921310366 0.4208154522863774 0.023692030054229284 0.04388635538619425
1 0.4240198038619427 0.2319160578689634 0.04261474687674216 0.07368293969514968
4 0.3955180748409856 0.30161547951193635 0.04008971057599684 0.17678975897699045
3 0.3874066347530525 0.518857521666414 0.09052604781181843 0.25208065046753825
3 0.36371967075921013 0.6104046722321481 0.12970672247985346 0.27262040944452864
4 0.5175996914436656 0.8735808622218855 0.0733112767345796 0.2472931565176623
3 0.8300930627407371 0.3334633596878026 0.05441583098930565 0.22218407220870695
3 0.6857072584860111 0.35930421790266726 0.05756810206654457 0.22688975292686625
3 0.7132151558302914 0.5216496817983137 0.08745558996629618 0.26143746974937904
3 0.8340185352205907 0.6053247241491831 0.06391809601642037 0.2441136143631848
3 0.3329282130118837 0.5551131842342006 0.07511921642972927 0.289489746876742
3 0.5254969872123805 0.48524052488786784 0.07179422852997774 0.2550965661585828