6 0.7203125 0.8020593444642963 0.0953125 0.03805451190385654
6 0.45078125 0.8505024314055303 0.0390625 0.028352258976990542
7 0.6359375 0.8384877238545956 0.0484375 0.059656801131468026
7 0.5140625 0.8610717718628058 0.0515625 0.06123748184962743
8 0.5734375 0.8341638382177802 0.0453125 0.03776362041330898
5 0.59375 0.8613894135497453 0.0171875 0.02666249394987581
2 0.565625 0.8685842900131785 0.025 0.029832945745273776
1 0.5796875 0.07397122678146181 0.0484375 0.08153180113146816
4 0.9453125 0.3913753327568313 0.09375 0.263045421544777
4 0.41953125 0.6999029885871225 0.0921875 0.2161613311856975
4 0.21953125 0.17137905454931374 0.0796875 0.21296360831306052
3 0.7484375 0.5120519680008631 0.103125 0.29278746369925485
3 0.7109375 0.4755513866187739 0.14375 0.26958631303532493
3 0.5984375 0.40979964247250644 0.115625 0.25067268657189173
3 0.57421875 0.39431554303824046 0.096875 0.2911886022629363
3 0.3578125 0.16198080777076754 0.0828125 0.19579428903121973
3 0.3921875 0.36646831987101597 0.14375 0.22114881303532474
3 0.396875 0.535191048793777 0.1171875 0.2553692769309713
3 0.28671875 0.4850506691088901 0.1 0.23183178298109547
3 0.2578125 0.511000090751863 0.1453125 0.27115790339440443
3 0.04609375 0.32082558440715125 0.0921875 0.2270988311856975