2 0.03939675976255736 0.9685045603048504 0.07879351952511472 0.01924087939029917
5 0.19198386593431854 0.9738500695764284 0.031377265027114645 0.022056807181592218
7 0.1456497422995558 0.8811540303488169 0.040988614363184704 0.06273634933607006
7 0.08942701337679464 0.8767937832756832 0.04565793364502548 0.05963862041330899
4 0.5695508506126163 0.7990030430382404 0.07164878278470396 0.23009656615858276
4 0.7969916120254936 0.3781627813307755 0.055860156321270796 0.20188066256778656
0 0.8413830032214538 0.13338154645608605 0.020539758976990185 0.03918067466803503
1 0.7406239582383057 0.2644320794371816 0.04416815651766246 0.07212953005422928
3 0.1835694614597596 0.4059494972695255 0.07788969242562419 0.2285704275949012
3 0.4692968414392341 0.7089643711988758 0.11431807181592361 0.31315450585373233
3 0.581801907499621 0.5731581605246832 0.056341945352490444 0.28469316256778665
3 0.6135927838648583 0.4800076033430908 0.05618740924813696 0.25813066256778666
3 0.6552075912428423 0.5781996636479411 0.06578966822512733 0.2972477047222643
3 0.6758246182720097 0.525737738979906 0.04685786104353511 0.26588862041330896
3 0.7145285699692119 0.45285877518245543 0.06711581888905727 0.25663179508134404
3 0.808959826019336 0.4694963084581386 0.056151047811818344 0.25188066256778663