4 0.6612698189872532 0.19524692671113847 0.12026808996629619 0.26162836729005096
3 0.8289623547970191 0.41730879995311776 0.14845672247985356 0.27272949375348415
0 0.7909583607489475 0.4647423361556672 0.03152271077238851 0.0470568071815924
3 0.28341454722264325 0.6422521742752515 0.1800885175611974 0.33853630093507653
3 0.10183729429577704 0.584947692622016 0.11901466217500314 0.3147442769309713
6 0.7180900499531178 0.8307122489198455 0.09871021077238851 0.04744769262201594
6 0.44255423964826746 0.8712953005422929 0.042369307181592396 0.03149543969514994
7 0.5074707125209044 0.8841725504440971 0.05506020472226432 0.06438066256778648
7 0.6315758330324093 0.8653639839909267 0.05663179508134384 0.06595225292686635
8 0.5666911764165509 0.8579554840891227 0.056522710772388504 0.04720225292686635
5 0.5863951432390636 0.8877566135776178 0.028343168617910842 0.03766362646343317
2 0.5598735498549219 0.8946333274732643 0.03614657825883114 0.03614657825883114