3 0.8265625 0.43515625 0.1328125 0.271875
3 0.765625 0.41796875 0.09375 0.2671875
4 0.84609375 0.22421875 0.1140625 0.215625
4 0.3421875 0.88671875 0.134375 0.2265625
7 0.3875 0.9828125 0.046875 0.034375
7 0.20078125 0.990625 0.0453125 0.01875
2 0.43984375 0.98125 0.0359375 0.0375
8 0.49296875 0.97578125 0.0609375 0.0484375
5 0.54921875 0.97734375 0.0375 0.04375
3 0.846875 0.8109375 0.11875 0.3171875
3 0.46171875 0.665625 0.1140625 0.2671875
0 0.5 0.6140625 0.0296875 0.0546875
3 0.4484375 0.53984375 0.165625 0.271875
3 0.36875 0.68984375 0.203125 0.2625
3 0.90234375 0.559375 0.1296875 0.3109375