4 0.7347039060311804 0.2254286667711991 0.12347605203690737 0.2725749576491306
3 0.12475783605186126 0.38133129235086943 0.17671014003818009 0.28225902985783763
3 0.17570654945094913 0.8654426719375605 0.17498400803627107 0.2681874394987581
3 0.24867768873326965 0.4892114491631195 0.13504989871099796 0.3273260901626879
3 0.6114504087364514 0.5105399858566482 0.1678078547103617 0.32282948770335995
3 0.8059709260423162 0.3070508506126163 0.1161180853755436 0.3115920058537324
3 0.7290935367599957 0.6833047992847564 0.1695158053787253 0.3353385780624395
0 0.8014754247294518 0.4578684620489348 0.025472714672181596 0.040770445745273776
6 0.7234173434515855 0.8669440010801545 0.09569430800445425 0.03336701190385653
6 0.44970767079085794 0.9122893590986274 0.04097044533736351 0.029923849336070063
8 0.5737718794557216 0.8982854255517978 0.044168170671545326 0.03619203005422946
5 0.5959832341263123 0.927064410524683 0.022202264003817973 0.028252265027114733
2 0.5663502781269487 0.9319246273471957 0.031577264003817974 0.028306807181592574
7 0.6378980141231307 0.9033814708295335 0.05541475334181776 0.06281816256778647
7 0.512334940125676 0.9228632447354428 0.05541475334181776 0.06281816256778683
1 0.8522624813414996 0.055202004301608334 0.06213746801399935 0.1034795240041051