4 0.3077862706844554 0.2658442103796051 0.05890334308955412 0.18783634328594587
0 0.6720123971478885 0.296087264045156 0.022074987899751618 0.03450226502711464
4 0.8437293576256895 0.5384843631848344 0.0856112888348278 0.21299087939029934
3 0.6534265444921687 0.4584736345566608 0.0684510599120669 0.21757838544042354
3 0.7012969388113868 0.6298400953290493 0.0623828670936593 0.2487920240041051
3 0.635127038147457 0.6700787550681655 0.07014991529826116 0.24102497579950324
3 0.39769976102009397 0.6811970204880636 0.07959763817089804 0.2535795179539809
3 0.29608622228346176 0.4032714875069681 0.05436128883482798 0.21280907220870696
3 0.22306739968197128 0.6090896954506864 0.07015900565734076 0.24258747579950324
3 0.085245212815492 0.6871914486721401 0.07811695140261463 0.2676329275949012
3 0.02538335772388532 0.4688818102066545 0.046621511707464945 0.225263620413309
4 0.16823095051885184 0.85173119252382 0.06177381303532483 0.14410452400410528
3 0.6807970446885605 0.3289497610200939 0.11087490924813696 0.2584488251355732
1 0.6521311683233233 0.23581738455666076 0.042560204722264315 0.06430793969514967
6 0.3823252667756305 0.8584453217177277 0.0939318071815923 0.03179542154477701
6 0.6423906131848344 0.8443338665044842 0.0376727168225127 0.029905668617910663
7 0.4675860559050461 0.8769094962875668 0.047211343285945874 0.058085210772388506
7 0.5854957185710286 0.867439568398078 0.050363614363184796 0.06279089149054755
8 0.525280381237011 0.8569333395735128 0.05020907825883114 0.03622839149054755
5 0.5121763932390636 0.8873248215213361 0.023619307181592396 0.031386355386194255
2 0.5395155980595238 0.8867026528052293 0.028288626463433175 0.028288626463433175