7 0.7515625 0.903125 0.025 0.0421875
7 0.8265625 0.8953125 0.021875 0.0421875
5 0.9 0.88671875 0.0203125 0.0296875
2 0.92265625 0.88515625 0.025 0.034375
8 0.8703125 0.88984375 0.0390625 0.034375
1 0.61953125 0.3015625 0.0375 0.0625
4 0.6328125 0.37421875 0.046875 0.1625
3 0.02265625 0.4453125 0.0453125 0.209375
3 0.01796875 0.55234375 0.0359375 0.0578125
3 0.06171875 0.64375 0.09375 0.2375
3 0.22734375 0.878125 0.1296875 0.240625
4 0.23828125 0.928125 0.0890625 0.14375
0 0.7203125 0.446875 0.015625 0.0265625
3 0.7375 0.4671875 0.0609375 0.2046875
3 0.5640625 0.5296875 0.071875 0.2375
3 0.5921875 0.553125 0.0734375 0.225