2 0.9688025687857673 0.8829206852953455 0.025399989337999786 0.03452044574527378
5 0.9462099534531763 0.888257625088691 0.022220445337363514 0.02981476502711473
8 0.9149872254534944 0.8904195679070985 0.041134077339272324 0.04398634933607006
7 0.8705287007876763 0.8964104926733295 0.027071577339272325 0.0439045361043533
7 0.7917497201224943 0.9068889295398088 0.03177725867281787 0.04549430718159222
0 0.45769979475649586 0.6643367734149299 0.02543635200509069 0.03764544574527377
4 0.3772230487746314 0.7974532795632501 0.0979487933640895 0.22711701190385652
4 0.27953569537713435 0.32426069837755256 0.05494313335454448 0.15655907220870696
1 0.26889764003818006 0.28279536104353503 0.04304202267663584 0.07368293969514968
4 0.8663448047024074 0.2683036733914888 0.07551017202418073 0.17855224687674207
3 0.7819527180537703 0.4006162036421098 0.09020901869827114 0.23332156010845856
3 0.658951570058861 0.43739806527482 0.08682948002863497 0.21142837939029935
3 0.4868963987507689 0.6223219902374426 0.11148403469127147 0.1818863251355733
3 0.3888856127466327 0.5912850927949665 0.08350448535963509 0.19422269867214012
3 0.3702447007479054 0.6005510084860111 0.07007833203372575 0.24882838544042354
3 0.3896737640435889 0.3233390686926656 0.06139312802354428 0.1737829336450254
3 0.4117487587125888 0.34065383371978025 0.09406017735518084 0.1614738311856975
3 0.4572612533815887 0.3581049541330891 0.09747607869190791 0.18649201190385672
3 0.426493058720543 0.3993293969514967 0.07714539735836254 0.1848113372358217