8 0.13071508870875964 0.89765625 0.04082498789975162 0.034375
7 0.17601395317014018 0.9 0.028343168617910842 0.0375
2 0.07841224532461791 0.890625 0.02361930718159235 0.03125
5 0.10025542906783924 0.89609375 0.022074987899751576 0.034375
7 0.24941963691336153 0.90546875 0.023682939695149674 0.0421875
4 0.9472279613615637 0.3421875 0.044549951599006474 0.1375
4 0.6405855132785987 0.8125 0.06683401775758924 0.2078125
3 0.7338406095896067 0.76328125 0.11084763817089822 0.253125
3 0.7673535881195844 0.50859375 0.08087833703942984 0.2046875
3 0.6911041846269841 0.5890625 0.07311128883482816 0.2125
3 0.6324836844305924 0.459375 0.08401242739850953 0.20625
3 0.6344325246914762 0.39296875 0.09777494554888229 0.1546875
0 0.5392836511549092 0.36484375 0.017332945745273776 0.025
3 0.5690393288480065 0.353125 0.08209540339440444 0.1453125
3 0.5434115731906657 0.5953125 0.07315674063022612 0.2203125
3 0.4363979830279778 0.7265625 0.07788969242562409 0.228125
3 0.1713785336684666 0.35390625 0.09478630093507641 0.178125