4 0.21473116227319902 0.24921875 0.05895788524403187 0.196875
4 0.9039300176593933 0.27265625 0.08098742134838517 0.2234375
3 0.932687839377121 0.65 0.13129649355709247 0.2765625
3 0.7985259419346449 0.55234375 0.09072603571156997 0.2859375
3 0.4331140444921687 0.4546875 0.06686128883482798 0.2125
4 0.2567934807694729 0.76484375 0.06673402380771343 0.190625
0 0.43531689392643463 0.43046875 0.020539758976990542 0.0390625
6 0.31978436015977224 0.84921875 0.09544885538619426 0.0234375
6 0.6003394685710286 0.8640625 0.03765453610435347 0.0265625
8 0.4737769685710286 0.8640625 0.04237839754067192 0.0328125
5 0.4552042305730811 0.89453125 0.020467036104353475 0.0265625
2 0.48490082093216075 0.89609375 0.029832945745273953 0.025
7 0.4105638962641257 0.87578125 0.05034543364502557 0.059375
7 0.5371627577004443 0.88203125 0.050345433645025396 0.059375
1 0.3056692587805987 0.16875 0.04583974082661779 0.090625
3 0.2670395925985748 0.51171875 0.0890271803253758 0.2625
3 0.3679248608471433 0.3953125 0.10467036104353503 0.265625
3 0.3811520895735127 0.5203125 0.0812146803253758 0.2625
3 0.4103123487468949 0.4296875 0.04956470452587265 0.19375
3 0.47258508976990443 0.390625 0.08718287919390769 0.2140625
3 0.48658447813719424 0.5140625 0.12027718032537571 0.2625