2 0.1535962867997666 0.9788142486473645 0.025399989337999786 0.03466590133672724
5 0.17860537746653932 0.9793045973106373 0.02067612667090888 0.031486357336090974
8 0.211363333465903 0.9742352893061831 0.041134077339272414 0.0442227146721816
7 0.2582110614655848 0.9713460992998197 0.023964758672817867 0.0455852200031817
7 0.3425315174649485 0.9656768072883658 0.028670440006363318 0.04720226400381833
4 0.27142703477081337 0.7641330359643652 0.20854303739654254 0.4679885733609078
3 0.12701122672658816 0.4399881059834553 0.09358855736790747 0.25574201734563573
3 0.04022993674408735 0.569921601328773 0.07260553739654255 0.46640679734245405
3 0.24728736405949725 0.43546314330045605 0.12006015070018031 0.24823860001590833
3 0.6097606394016333 0.49609791458468566 0.18036239871099796 0.3286169906906352
4 0.8923362347230883 0.4052980025461873 0.07416584802672617 0.19771134134309049
3 0.9804516633513629 0.41048439453377883 0.039096673297274266 0.31299089600572694
3 0.8297475174251776 0.6669991185550961 0.2942270934118145 0.5814703653723619
3 0.667673136736133 0.5040189552435042 0.13931922803945263 0.2922067760184536
0 0.6488049580680878 0.4940808812460495 0.028688621339908772 0.048764764003817976