6 0.32165825127654624 0.84486863504764 0.09862839754067201 0.03338519262201593
6 0.6050838296335733 0.8754247852205908 0.039217036104353654 0.02678975897699054
7 0.4113201940949539 0.8766413306947183 0.048782933645025395 0.059656801131468026
7 0.5393679260427772 0.8906679901392469 0.050354524004105096 0.061228391490547554
8 0.4762230314289714 0.8668623305965223 0.045530668617910844 0.03776362041330898
5 0.45728667906783926 0.898784496287567 0.02519089754067192 0.032957945745273776
2 0.48773724834968 0.9020867582896195 0.023610216822512697 0.029823855386194253
0 0.5471779643866258 0.3539765112164856 0.02522725897699054 0.039207945745273955
3 0.5040546782822724 0.3802890263417961 0.08735559601642037 0.24424996974937896
4 0.23112221409203823 0.15759991832332323 0.09973742134838534 0.22401019262201588
4 0.9508008506126163 0.8079025045771863 0.05932149960721631 0.25971134328594586
3 0.6253443918833312 0.2130202339909267 0.0684510599120669 0.21757838544042354
3 0.4358899646812134 0.5478668909013725 0.13136012607064967 0.2882544998036082
3 0.4877655611886131 0.6286401679305398 0.13446694535249043 0.28514768052176753
3 0.3563757023845733 0.38333623740877226 0.1452771803253758 0.26333631303532473
3 0.25726603669352865 0.36400899960721655 0.09211581888905726 0.2567772408266178
3 0.12526153688992042 0.4929329094445286 0.09536808391617195 0.278670421544777
3 0.7343598018188392 0.40975485430603975 0.09668514422102223 0.2364920119038567