7 0.1124741488172182 0.8094744730690288 0.056604524004105095 0.06126475292686635
7 0.04530028435583764 0.8075216085094521 0.05658634328594585 0.05813975292686635
2 0.016945042841848758 0.9092613705115049 0.033890085683697516 0.040852258976990186
8 0.15323498332256533 0.9201710785534187 0.03458407825883123 0.036137487899751616
4 0.15633829918656056 0.6553182381943392 0.06385446350286302 0.2331761143631848
0 0.3763432896203949 0.30405013310273254 0.026826120413308896 0.04546703610435347
1 0.384982491415793 0.29618763612779464 0.05364315046753818 0.08937157220870695
3 0.4331740308397962 0.47246378981678666 0.08476692720211787 0.33641928903121965
3 0.6996671601318998 0.3216996787732517 0.06874195140261463 0.26757838544042356
3 0.8310059801993074 0.8427929078924045 0.08614762002052564 0.3051783793902995
3 0.3540536365205781 0.6440120577707675 0.10191806576579943 0.3302692829810955
3 0.27103608256043954 0.8140205516224475 0.12783515027114642 0.2194863190854491
4 0.934650693309387 0.35001907973176916 0.08602944535249044 0.28486587939029934