4 0.9875 0.28515625 0.025 0.1328125
3 0.75625 0.07734375 0.090625 0.11875
3 0.67890625 0.22734375 0.075 0.24375
3 0.80078125 0.52890625 0.09375 0.228125
3 0.734375 0.5390625 0.1078125 0.2703125
3 0.6421875 0.67578125 0.16875 0.2828125
3 0.40546875 0.5140625 0.0984375 0.2078125
3 0.41015625 0.6890625 0.125 0.2203125
3 0.19921875 0.80390625 0.146875 0.1765625
3 0.290625 0.0765625 0.078125 0.153125
4 0.115625 0.03359375 0.121875 0.0671875
1 0.47109375 0.75859375 0.1203125 0.196875
0 0.44375 0.490625 0.0328125 0.053125