6 0.2373019805458692 0.8884029280858806 0.052017033338636144 0.03936248184962743
6 0.2415167658736876 0.9290006570086418 0.04740225867281787 0.04558521077238851
7 0.1895730052116874 0.8949301840378089 0.03484771467218155 0.04082498789975162
7 0.19456904053950586 0.9355233677810304 0.033303396005727 0.042378397540672096
8 0.13639346121105106 0.8999267562465161 0.05049089600572705 0.04247839149054755
2 0.15619688387177863 0.9435585815784808 0.030087489337999783 0.03454771682251305
5 0.1249377932050059 0.9445216387600732 0.025418170671545236 0.03608294574527378
4 0.2890955786123661 0.3982910124930319 0.07727266669318063 0.19574883723582168
4 0.9200535825907308 0.5539844170657867 0.08266923870145285 0.25671360831306045
3 0.7931461845958214 0.5172252813307756 0.09518742003499839 0.2583488311856975
0 0.678521705283275 0.36477751308220707 0.02543635200509069 0.03764544574527395
3 0.7036393366088662 0.42165877215739334 0.09765789202736244 0.20211701190385672
3 0.634343896602503 0.4689337479568965 0.08388629336408951 0.22703519867214011
3 0.6369234565961396 0.5157905672387373 0.08123400803627093 0.2676420179539809
3 0.5668200419319123 0.49823088339732013 0.09335220003181668 0.2349022408266178
3 0.583916635264185 0.5059433894474443 0.10459878270208911 0.26152837334017515
3 0.4369245512810479 0.382588223560008 0.06918744668999892 0.17226588544042354
3 0.40997969593413935 0.4827382144848217 0.08708401869827113 0.23330337939029935
1 0.6280864479630927 0.2682024949318344 0.04616702267663584 0.07370112041330898