3 0.024604048499189506 0.5436000090751862 0.04920809699837901 0.27842498184962744
3 0.04504329264545703 0.7833210392276115 0.09008658529091405 0.30835792154477704
3 0.18941896477940928 0.6090335906536672 0.06261921642972927 0.2894170240041051
3 0.3907643379231927 0.3766200246914761 0.07632719242562427 0.22856133723582167
3 0.3973501603282914 0.4531416180756179 0.09521354781181852 0.252107921544777
4 0.5858137383907309 0.28642577498606375 0.04960106596219092 0.20028180113146812
3 0.731543353146699 0.48244628123257965 0.11383628278470379 0.23034200585373252
0 0.5387473199692118 0.45388144057891244 0.02363748789975162 0.03451135538619425
1 0.5782966750608185 0.23568997678146184 0.05043633723582168 0.07529089149054773
7 0.8296207422013598 0.8123332482514842 0.03466589149054755 0.05019998789975162
7 0.9131872211241211 0.8165344140407246 0.04563975292686635 0.056513620413308985
2 0.7962673658361228 0.9054928957921561 0.036137487899751616 0.03458407825883114
8 0.8470304351179635 0.9083224591220684 0.04239657825883114 0.03618293969514994
5 0.9110792995793441 0.9102935043998042 0.03301248789975162 0.034565897540672096