8 0.932602522727559 0.90390625 0.04397725897699019 0.0390625
7 0.8849780889843375 0.909375 0.033057939695149585 0.0421875
2 0.9856547998549219 0.89140625 0.026753397540672096 0.0328125
5 0.9638207064707803 0.8984375 0.026780668617910664 0.0375
7 0.8100508118569744 0.921875 0.028388620413308984 0.0453125
4 0.4669184353935414 0.89375 0.10592378883482816 0.2125
3 0.36510140533931207 0.85 0.13455784894328665 0.3
4 0.3269953338179761 0.34296875 0.06986811416679295 0.1921875
1 0.3476891080184729 0.27421875 0.048819295081344014 0.065625
0 0.3753282946885605 0.325 0.02519998789975162 0.034375
3 0.3855850595192834 0.4765625 0.08423059601642038 0.24375
3 0.40442141793053976 0.49140625 0.10478853571156996 0.2859375
3 0.500965661585828 0.703125 0.13771921037960516 0.30625
3 0.48821970100983114 0.5265625 0.08432149960721666 0.259375
3 0.4972401770057261 0.465625 0.11563513212077385 0.2703125
3 0.557660047419035 0.5109375 0.11999537919390768 0.2140625
3 0.5805106983775525 0.27578125 0.09825673458010194 0.2375
3 0.6328191287029283 0.53828125 0.11559877068445541 0.2640625