4 0.8872421772756389 0.435381541454449 0.0965135626989074 0.23859088001272682
4 0.5681258138924595 0.7989055027450418 0.08969994135899881 0.19008065467854482
0 0.46927397461809317 0.3633214440642698 0.02392839600572714 0.042460220003181705
3 0.7325194092934564 0.3023134080999045 0.07769083736472578 0.23212270401018137
1 0.8010335992998197 0.25622929610913137 0.04627611067790873 0.08333975867281787
3 0.659507528604412 0.46632990742358676 0.08248742536599848 0.24155224801081765
3 0.6877127025780041 0.6612156934277229 0.09211696403563466 0.26353633601209037
3 0.5243138212524128 0.6022754034054513 0.11442831604072534 0.3012908746817267
3 0.4310825366009121 0.4894566827259518 0.09836696403563465 0.26360906134627216
3 0.3636308599220491 0.5785277260502705 0.12680104670590725 0.29049882535009014
3 0.35070469326863934 0.4807078440483615 0.09969310669954394 0.24331474267981754
3 0.31835691195895643 0.3060891047103616 0.1090862880330894 0.24498633068109027
3 0.24263929662636546 0.29973856003340754 0.1171351453691802 0.26538973734881743
3 0.11523936059836679 0.504534053349772 0.09206242003499839 0.25884883601209036
4 0.19076880864100118 0.19130789469286244 0.08364993602799871 0.2071954293443631
6 0.5740747272040514 0.959152659412769 0.10681362133990895 0.049673830681090436
6 0.28946391721041476 0.9089595660407255 0.04255112667090888 0.03174089600572714
7 0.4787258645369604 0.9611685980664969 0.03194089067472703 0.0597386266709087
7 0.3484661998727331 0.9416817067154521 0.05552384134309048 0.07251134667409076
8 0.41568097187305125 0.9401197540579066 0.059884077339272326 0.04444089067472703
5 0.4270088232018242 0.9738498640594972 0.030142033338636055 0.03940794533736351
2 0.3981662078692333 0.9680447593889066 0.030142033338636142 0.03940794533736351