2 0.8668747816253631 0.99375 0.026635222872636886 0.0125
5 0.8426514864458234 0.99453125 0.021938632513557366 0.0109375
8 0.8106611430616816 0.9875 0.04233294574527378 0.025
7 0.7630185286003011 0.98515625 0.025172716822512698 0.0296875
7 0.6802378448570796 0.9796875 0.031486349336070064 0.040625
0 0.5374696036376785 0.8109375 0.028370439695149584 0.0421875
1 0.30420973526747297 0.21640625 0.04420451795398091 0.078125
3 0.45306032572474847 0.2796875 0.06686128883482816 0.2125
3 0.3881478771508042 0.42578125 0.0733021863754999 0.2453125
3 0.4650456786750558 0.63671875 0.11094763212077403 0.2703125
3 0.5414490973911624 0.6640625 0.10496125253408266 0.315625
3 0.5851809166730032 0.6671875 0.07640900565734085 0.2421875
3 0.6056701577942086 0.77109375 0.15772263817089804 0.253125
3 0.7495484645830175 0.48046875 0.07168514422102223 0.2359375
3 0.7696751331027325 0.378125 0.08883628278470361 0.2296875
3 0.6084512867917246 0.42734375 0.07629992134838534 0.2234375
3 0.8412683319712644 0.4265625 0.0763453731437835 0.23125
4 0.6111565676315207 0.90234375 0.08707379488495234 0.1953125
4 0.6671182805452086 0.28046875 0.06215560811666876 0.209375