4 0.265625 0.29451411104353503 0.034375 0.17207498789975162
3 0.58359375 0.5768327491162373 0.0875 0.19738406010845858
4 0.38515625 0.7202095235131258 0.040625 0.17367384933607005
3 0.74296875 0.36525996574235825 0.0296875 0.1657977168225127
3 0.528125 0.5991662913689109 0.0625 0.2253636143631848
4 0.90625 0.3076161582661783 0.03125 0.1704943071815924
1 0.31171875 0.21353227663638377 0.0265625 0.05327953610435347
6 0.31796875 0.9245061380727023 0.05 0.03622839149054755
6 0.4703125 0.9277361980829649 0.05625 0.03938975292686635
7 0.39453125 0.9257328156676035 0.071875 0.041043156517662285
7 0.54765625 0.928186170857406 0.06875 0.04102497579950324
2 0.6171875 0.9278094418364489 0.03125 0.034556807181592576
8 0.6875 0.9305622579950319 0.0640625 0.033185204722264314
5 0.75625 0.9309622337945349 0.021875 0.03450226502711473
3 0.43203125 0.2892322342855143 0.053125 0.17999657220870705
3 0.47578125 0.24886176433974364 0.0515625 0.17686248184962744
3 0.5609375 0.24779468890958273 0.0375 0.16115566861791084
3 0.50625 0.3404452763417961 0.05625 0.18001475292686625
3 0.55859375 0.4157498033709633 0.06875 0.15977497579950323
3 0.61796875 0.4856264870159889 0.0609375 0.2097295240041051
3 0.6484375 0.4756474990180413 0.053125 0.22062157220870696