2 0.9375 0.8952979654477705 0.025 0.032957945745273776
5 0.91484375 0.9006349052411162 0.021875 0.02981476502711473
8 0.88359375 0.9012343480595237 0.0390625 0.04241475897699019
7 0.840625 0.9064531131848345 0.025 0.04389544574527378
7 0.7625 0.9161548452308533 0.0296875 0.04548521682251305
0 0.59453125 0.7870526316297946 0.0265625 0.040779536104353475
1 0.25390625 0.2936646833504379 0.0421875 0.07368293969514968
3 0.40390625 0.32109985782208117 0.065625 0.19881929508134402
3 0.37578125 0.4670299813586481 0.071875 0.22854315651766247
3 0.49140625 0.6434839179305397 0.10625 0.2537431444174139
3 0.5671875 0.6525185503459012 0.1 0.29589428298109566
3 0.60703125 0.6465003545024315 0.075 0.22699883723582168
3 0.6484375 0.7365849990180413 0.15 0.23993517447164336
3 0.7171875 0.44167247481754457 0.06875 0.22227497579950323
3 0.71328125 0.34555599891984545 0.084375 0.21611587939029936
3 0.57734375 0.4236713876799188 0.0734375 0.20980224687674198
3 0.7890625 0.37568438133520693 0.075 0.2160613372358217
4 0.6859375 0.8758656676359522 0.0875 0.22238406010845857
4 0.5984375 0.27848160752749357 0.059375 0.19565793364502548