6 0.3112667392186871 0.8463993187908614 0.09565794533736352 0.030242011903856537
6 0.5859940192155054 0.8714367219888743 0.039353401336727246 0.025227258976990186
7 0.3984303845480964 0.8758146288993199 0.04596702800763604 0.056513620413308985
7 0.5233031152132782 0.8874793576256895 0.05069089067472685 0.05966589149054755
8 0.4618298132161417 0.8660265384420445 0.051980670671545326 0.03623748184962707
5 0.4435065272120056 0.8963907493126289 0.023819308004454243 0.032948855386194256
2 0.4716042552116875 0.8988981257760621 0.030032945337363514 0.0298602168225127
0 0.624662550644501 0.16692648399092672 0.023855670671545325 0.03607385538619425
1 0.6232182293125464 0.1567611436318471 0.04286020934118149 0.05805793969514968
3 0.6436745379535476 0.34595545383850157 0.1064703653723619 0.28809996369925484
3 0.6062199912874112 0.3418310352205908 0.08392375071608864 0.36452610831306054
3 0.6713893632638668 0.5156594206610142 0.0778726507001803 0.2473113372358217
4 0.0926222099777283 0.16461246672431687 0.0588499306969986 0.22376475292686626
4 0.7835081026018665 0.48193438133520694 0.0638101507001803 0.24722952400410508
4 0.4248939818985047 0.7501788246445938 0.07014996268299925 0.12071247579950324
3 0.20356496924732212 0.6348209484757484 0.10659763470717998 0.2990374636992549
3 0.36059041263527414 0.23336350848601112 0.07910788669636233 0.2191954275949013
3 0.3686830812778662 0.41076634582002863 0.07652832670272555 0.266052246876742
3 0.36188654658659464 0.5919890747427898 0.08633967870781625 0.3036067890312196
3 0.516993311943048 0.4225674299325923 0.08403174403245295 0.23953519867214013
3 0.5549654792727756 0.44935264373004297 0.08895560136854393 0.25987496974937907