3 0.2635241754455403 0.8250853166495622 0.14934875604708875 0.34772040339440446
3 0.31502358812058534 0.8865086299794745 0.0713499306969986 0.22383747579950325
3 0.38374522143535894 0.7493808138208917 0.25890666406745144 0.4983476381708979
3 0.4345537434356771 0.7514291271508041 0.34791462006681506 0.4941782886384363
3 0.7787400954407678 0.7869292481532882 0.20761578938572497 0.3871192466803503
3 0.8467275741167672 0.8552883627128647 0.08232379336408968 0.2270261083130606
7 0.5858906187937214 0.9325922478587007 0.04296929734245403 0.06743293969514959
7 0.5265519814608123 0.9360626815037261 0.03822725334181776 0.06271816861791066
2 0.5711008654519036 0.8701740610904173 0.09731135200509052 0.03806360226293641
8 0.49463836278640355 0.8792132386853186 0.03789998933799978 0.03459316861791066
1 0.08703801802195353 0.16122332543016082 0.13686584269572594 0.21484427088084712
1 0.6703372494429949 0.8039672781093217 0.022384077339272324 0.04387726502711473
0 0.353677555458267 0.918317166182024 0.08768290802036276 0.15049996974937904