6 0.2453125 0.8112080306333652 0.1 0.03553860534690827
6 0.53203125 0.8422467559277761 0.040625 0.028597714672181595
7 0.3359375 0.8437472632877293 0.05 0.06151930267345414
7 0.46640625 0.8578541219366848 0.0515625 0.06309998400699968
8 0.4015625 0.8343898972788206 0.0453125 0.038027258672817865
5 0.38125 0.8658762546149115 0.025 0.03466590133672724
2 0.4125 0.8694188779440026 0.025 0.031540901336727246
3 0.06640625 0.44610229332431856 0.1078125 0.28875451201463564
4 0.2328125 0.7144784813017286 0.0625 0.08353975334181776
3 0.2265625 0.4778324566359105 0.0953125 0.2573590613462722
3 0.41640625 0.6881234246101389 0.0796875 0.18373974801081766
3 0.49375 0.6270671985996394 0.090625 0.3088670173456357
3 0.5859375 0.41036949992045824 0.1078125 0.29187951201463563
3 0.64453125 0.39640644991250407 0.0875 0.2775806546785448
3 0.44765625 0.38229104793923 0.0984375 0.26520792401336307
3 0.4625 0.23368082527054837 0.0625 0.15072725334181775
4 0.37890625 0.12137227661522962 0.078125 0.23215906667727224
3 0.25390625 0.17829553329886522 0.10625 0.23561133068109025
3 0.3375 0.35779158195418387 0.0890625 0.27759883601209034
1 0.7859375 0.14944853922664128 0.0515625 0.08653748400699968