3 0.45703125 0.5620339300307882 0.1421875 0.22270222267624523
3 0.6546875 0.37959011045435986 0.090625 0.2005272408266178
3 0.1265625 0.667142569085449 0.109375 0.2146988251355733
3 0.40703125 0.4656492885402404 0.09375 0.20992042154477702
3 0.53671875 0.37421628834384874 0.1015625 0.22715337334017516
3 0.6796875 0.6109855561996337 0.115625 0.20223518657189174
4 0.98671875 0.48699056175877864 0.0265625 0.23765453610435347
4 0.70546875 0.7720730471244475 0.1640625 0.2712669877033598
3 0.1421875 0.41801472267624523 0.0828125 0.21610678903121966
3 0.665625 0.5976224929679171 0.1265625 0.20698631908544912
3 0.6421875 0.2826423875817229 0.05625 0.11751475292686617
3 0.45234375 0.28544415895354935 0.0875 0.20675906010845857
4 0.29375 0.33764648750696813 0.0859375 0.20831246974937906
0 0.65234375 0.6131702249157405 0.028125 0.03610112646343318
1 0.64921875 0.20377704419758116 0.0421875 0.07055793969514967
8 0.87109375 0.8050678751868869 0.0546875 0.04406816256778647
2 0.93203125 0.7968286491909919 0.05625 0.04720225292686635
7 0.95078125 0.8438127334999475 0.0359375 0.04708407825883114
7 0.82109375 0.864933233696339 0.0375 0.04553066861791066
5 0.80859375 0.8187667608237021 0.0375 0.04396816861791066