2 0.017726292841848755 0.91015625 0.03545258568369751 0.0421875
8 0.14614010080900802 0.93203125 0.03461134933607006 0.040625
7 0.11470426932872299 0.8296875 0.05504202400410509 0.0609375
7 0.0530446066627405 0.81953125 0.056613614363184704 0.0625
3 0.876343289620395 0.30625 0.07778060811666876 0.209375
3 0.5833366155415352 0.715625 0.1123828670936593 0.2484375
3 0.6588774919067724 0.62265625 0.07796241529826116 0.240625
3 0.7243080909482548 0.3875 0.05247153590796181 0.15625
4 0.47190122931554457 0.2640625 0.05249880698520073 0.1609375
3 0.44398478669352864 0.3625 0.07125789734428026 0.1625
0 0.3042455758229443 0.34453125 0.017332945745273953 0.025
3 0.2699842053114395 0.325 0.08686471662612102 0.159375
3 0.251270566747758 0.31875 0.10099993949875792 0.171875
3 0.18079444028432484 0.346875 0.08230448165323567 0.18125