7 0.17734375 0.9268130057555366 0.0296875 0.0470477168225127
7 0.0953125 0.9146170119038567 0.0296875 0.0470477168225127
5 0.01328125 0.9016397680521768 0.0234375 0.032948855386194256
8 0.046875 0.9065227107723886 0.0453125 0.03932612041330898
1 0.278125 0.283649333916172 0.040625 0.06273634933607006
4 0.2671875 0.3562419514026146 0.0421875 0.13462043969514975
0 0.18671875 0.40421129791001426 0.0171875 0.02666249394987581
3 0.17265625 0.42131698467829776 0.06875 0.21758747579950324
3 0.4328125 0.45095552946505413 0.0703125 0.19259656615858275
3 0.534375 0.4593589028052293 0.0625 0.19255111436318478
3 0.25390625 0.5999146833504378 0.1078125 0.2490647347764936
3 0.61953125 0.4317293273750685 0.0765625 0.1910704275949012
3 0.83046875 0.5228002758508168 0.11875 0.21631586729005098
3 0.965625 0.5610865919112038 0.06875 0.23321247579950324
3 0.9328125 0.8666668878763104 0.075 0.26666622424737907
3 0.6828125 0.7875662369177929 0.1140625 0.27253859621281223
4 0.4765625 0.9090669695529872 0.090625 0.1818660608940256