7 0.24566846387655117 0.909375 0.033321577339272504 0.04375
7 0.16919687054427837 0.9015625 0.033321577339272455 0.04375
5 0.09583209587846013 0.8953125 0.020639764003818017 0.028125
2 0.0724218678787783 0.89296875 0.025399989337999786 0.034375
8 0.12549232387814196 0.89765625 0.03633748933799978 0.034375
4 0.4238389172104148 0.90546875 0.10061926002545327 0.1875
4 0.14477122457832223 0.65078125 0.10514422270845261 0.3078125
3 0.1237303765515962 0.84765625 0.10603401336727117 0.25
3 0.37073428791377666 0.63515625 0.10267375071608864 0.3640625
3 0.485732579248913 0.621875 0.08357830537872513 0.334375
3 0.6971075259389119 0.45 0.10345445337363443 0.296875
3 0.6809478186266837 0.29453125 0.07796355736790765 0.2546875
3 0.6230069546069573 0.43984375 0.09564195337363443 0.296875
3 0.5701824939529112 0.346875 0.0658453653723619 0.2875
3 0.4729796826066391 0.4421875 0.10376353604390723 0.3234375
0 0.411925098623502 0.31796875 0.025472714672181596 0.040625
3 0.3737694759309577 0.50859375 0.08624877204008907 0.2953125
3 0.4097887919319122 0.5015625 0.08205216804581603 0.3375
1 0.41867563263845586 0.2078125 0.052544292011454094 0.084375