7 0.7955906549655383 0.8968463090283041 0.03151362041330898 0.04549430718159257
7 0.8722486037358742 0.8808854866232053 0.03151362041330898 0.04549430718159222
5 0.94891109768575 0.8641434142181066 0.025190897540672098 0.032957945745273776
2 0.9723713235834491 0.8603735196043008 0.029905668617910663 0.03767271682251305
8 0.9176201910698918 0.8709928570365143 0.04398634933607006 0.040879530054229465
0 0.37529894008793313 0.21937827653818784 0.017342036104353475 0.02666249394987581
3 0.3958836299794745 0.3070009963857627 0.07135789129415607 0.18009656615858277
3 0.3814938770526083 0.3631691831540461 0.09335106596219109 0.2005363311856975
3 0.19380297951193634 0.39489084006449204 0.06812380698520064 0.16132838544042355
1 0.19656488602959876 0.32302947560311146 0.04571247579950315 0.0690136204133089
3 0.2931434075978169 0.6431334182251274 0.08260446350286302 0.23328519867214012
3 0.3102712993829523 0.7877692073545429 0.12830784894328656 0.3007363190854491
4 0.41141564286528987 0.8602350806947182 0.10938513212077386 0.2709397347764934
3 0.6356212782075176 0.7295037520431035 0.11408172247985356 0.27252950585373253
3 0.5473996364223822 0.5844543515755654 0.08740104781181834 0.25206246974937907
3 0.5317206151487517 0.4593589028052293 0.1091760538619427 0.2350022347764936
3 0.6864490217646099 0.45322759835411136 0.09822037314378348 0.2318136022629364
3 0.672808702580965 0.5148690803019347 0.09354196350286301 0.2333488311856975
3 0.8628251694034776 0.48628605893010823 0.09510446350286302 0.23335792154477702
4 0.9289779311109427 0.26166330883191236 0.08868174668035031 0.20363406010845858