7 0.80859375 0.9273099098902324 0.025 0.036228401336727244
7 0.89296875 0.9114843678787782 0.0203125 0.03461135733609098
5 0.975 0.8988110978676425 0.0234375 0.028397720003181703
2 0.99296875 0.89313326253187 0.0140625 0.03141363200190881
8 0.9421875 0.9038804058720968 0.0453125 0.036464758672817864
4 0.68125 0.8991041885741862 0.0890625 0.14634883601209053
4 0.2875 0.3857171346276381 0.090625 0.21199201734563583
3 0.81328125 0.32100536588959605 0.1 0.25428860534690845
3 0.53203125 0.46646550592777614 0.1078125 0.2621920120146356
0 0.2234375 0.4934938193030014 0.025 0.037790901336727065
3 0.21015625 0.5334921106381377 0.1078125 0.2793795120146356
3 0.45703125 0.5782757099379574 0.1140625 0.31695223734881744
3 0.63984375 0.7019297439131403 0.1046875 0.2949681493475449
3 0.69296875 0.5278740785725953 0.1203125 0.2576499626829992
3 0.92890625 0.762628697207233 0.1421875 0.3235295013526354
1 0.3046875 0.28551713995863826 0.0546875 0.08657384667409058