8 0.22285712519896075 0.9871165499681833 0.0439863573360908 0.020821577339272323
7 0.27134916919959706 0.9818654286282744 0.03159544533736343 0.0300511266709087
2 0.16813326253186983 0.9908778966422738 0.025163632001908985 0.014353401336727245
5 0.19157985319864257 0.9898239266390922 0.02518181333545444 0.015915901336727246
7 0.3472031445337788 0.9747336339513204 0.02705339600572696 0.04249658267027243
4 0.9494710992998197 0.2357934772040514 0.05327154535327168 0.14747498400699968
4 0.7328968385582778 0.7898013665659137 0.07910788669636233 0.21964088534372692
3 0.8196615892345955 0.7177076432209143 0.12656468936981646 0.27018632535008996
3 0.7993603692711847 0.448449113224096 0.09315220536281679 0.21824201734563572
3 0.7372683545910489 0.5483769352323683 0.08543061203054414 0.22596361067790854
3 0.6496149079408209 0.42831952124445866 0.0978760680299077 0.22142156134627217
3 0.6371245459500476 0.36050531257959495 0.10819540268936265 0.16842383068109026
0 0.5325370432845478 0.3531297119271397 0.01905908267027261 0.026780676002545346
3 0.5608802192870931 0.3340524479233217 0.09244313335454457 0.15730451734563583
3 0.5852513212524129 0.5892030245862765 0.08708401869827131 0.2337942920114539
3 0.5045087565643229 0.7479336819303214 0.09188060669954404 0.24322383601209055
3 0.14970581460854812 0.42632504797900095 0.10692380402608967 0.19340564934754473