2 0.1635457598663698 0.984375 0.025363626670908877 0.03125
5 0.1869832598663698 0.984375 0.022220445337363427 0.0296875
8 0.21753382586732428 0.97734375 0.04111589600572705 0.0421875
7 0.26057530120150607 0.97109375 0.02549089600572696 0.0421875
7 0.3380372298695515 0.9609375 0.030214758672817865 0.0453125
0 0.7508677779280942 0.5296875 0.017532945337363513 0.0296875
4 0.9128768819223673 0.571875 0.08223288669636233 0.21875
4 0.46396447788036915 0.88125 0.11210220003181667 0.234375
1 0.6623250879615018 0.28359375 0.036664753341817756 0.0625
3 0.6465808146085481 0.428125 0.086502216024817 0.1828125
3 0.5990609246101389 0.41640625 0.0976397106938169 0.2
3 0.7064365252625942 0.52109375 0.09164424936345306 0.221875
3 0.5506683306015484 0.4796875 0.08234197469763486 0.228125
3 0.49767059993636653 0.46875 0.0788897106938169 0.2
3 0.44571665392268545 0.56953125 0.06493629869508943 0.209375
3 0.2375603506126843 0.39765625 0.08942722135581711 0.165625
3 0.08072854793923007 0.44765625 0.07082267202418072 0.178125
3 0.7132388665659137 0.7421875 0.11500902402927142 0.215625