4 0.09375 0.34609375 0.0828125 0.1921875
3 0.28828125 0.49921875 0.140625 0.2359375
3 0.28984375 0.7203125 0.134375 0.2640625
3 0.2359375 0.34921875 0.1234375 0.2046875
3 0.740625 0.4640625 0.1203125 0.240625
4 0.471875 0.81171875 0.0984375 0.18125
0 0.69765625 0.4265625 0.0203125 0.0296875
3 0.44453125 0.6515625 0.115625 0.2609375
3 0.29140625 0.2921875 0.1125 0.1984375
3 0.58828125 0.31015625 0.1140625 0.1875
3 0.4546875 0.496875 0.0859375 0.2015625
4 0.71953125 0.228125 0.09375 0.171875
1 0.81484375 0.11328125 0.0453125 0.065625
6 0.4265625 0.9796875 0.05625 0.040625
6 0.57578125 0.95546875 0.0609375 0.05
7 0.503125 0.96875 0.078125 0.0546875
7 0.65078125 0.9390625 0.075 0.053125
2 0.72421875 0.9234375 0.0375 0.040625
8 0.79453125 0.91015625 0.05625 0.046875