6 0.35703125 0.9091083970496927 0.096875 0.030251102262936414
7 0.45 0.9237117734149299 0.046875 0.056522710772388504
8 0.5125 0.9029816377781146 0.05 0.03622839149054755
2 0.528125 0.9358850413689108 0.0296875 0.023610216822512697
5 0.49921875 0.9372793697259378 0.021875 0.02668976502711473
7 0.578125 0.9150821828594585 0.053125 0.061246572208706954
6 0.63828125 0.8888696616840239 0.0390625 0.028352258976990185
1 0.2875 0.18370387607064967 0.046875 0.08308521077238851
4 0.64296875 0.7467094327612627 0.0890625 0.22395565046753826
4 0.7984375 0.19292642348968467 0.0625 0.2284886143631847
3 0.68203125 0.48053044173825316 0.078125 0.2770170179539809
3 0.54453125 0.4672304901392468 0.078125 0.2629545179539809
3 0.503125 0.39277084562363695 0.084375 0.23486587939029935
3 0.53046875 0.37183617690753024 0.0734375 0.23636474687674208
3 0.4921875 0.4505197131100796 0.1125 0.2319045058537325
3 0.40234375 0.39218451746300154 0.096875 0.20837610226293624
3 0.38984375 0.2749242945903646 0.0859375 0.23643746974937896
3 0.41484375 0.5977259903356386 0.0859375 0.28643746974937906
3 0.1859375 0.7299880027304745 0.0734375 0.2551147468767422