6 0.63984375 0.8427850020431034 0.09375 0.030232921544777015
7 0.5515625 0.864927646755105 0.0390625 0.05491475897699054
8 0.49140625 0.8497339179305398 0.0515625 0.03467498184962743
5 0.50703125 0.8810748215213359 0.0203125 0.029805674668035208
2 0.48046875 0.8832640354169824 0.0234375 0.029823855386194253
7 0.4296875 0.8657810987468949 0.0421875 0.054932939695149584
6 0.3703125 0.8459044151018695 0.0359375 0.02520907825883114
4 0.3203125 0.7346760236113217 0.04375 0.12056703005422928
1 0.63984375 0.2404412520431035 0.034375 0.06269998789975162
3 0.80078125 0.4734088090283041 0.05 0.1643533914905479
4 0.93203125 0.622609899190992 0.0421875 0.22055793969514959
0 0.63515625 0.23182023096586463 0.0171875 0.02666249394987581
3 0.6765625 0.4250298754814745 0.0625 0.1941136143631846
3 0.6328125 0.4271190954272452 0.053125 0.26905907220870695
3 0.66875 0.5804531736860763 0.0859375 0.23018746974937904
3 0.59765625 0.4558208123479538 0.0609375 0.1972295240041051
3 0.546875 0.46333787567786616 0.0578125 0.17221134328594587
3 0.50859375 0.6232714118804156 0.0703125 0.21447156615858276
3 0.46171875 0.30502995110802705 0.059375 0.1550329336450255
4 0.365625 0.25603339402463055 0.046875 0.1877727107723885
3 0.16328125 0.69001244252382 0.0828125 0.25204428903121967
3 0.1734375 0.4103840298578376 0.059375 0.1940954336450254