2 0.03734743387973281 0.8856602440480718 0.02538180800445433 0.032957945745273776
5 0.060721299212323755 0.8909926386618775 0.022220445337363448 0.02981476502711473
8 0.09195311787877831 0.8923733314802849 0.03955339600572701 0.04241475897699019
7 0.13563948321136926 0.8975875514260558 0.025509077339272455 0.04389544574527378
7 0.21365539521009658 0.9065080334720749 0.030214758672817865 0.0454852168225127
1 0.2251341706317743 0.2557040575743758 0.039771572008272395 0.06116475897699045
3 0.25116776993159406 0.5024108859314029 0.09962038136536222 0.23650110226293625
3 0.28667746125082194 0.6061035124930318 0.12936352005090673 0.37572722872636943
0 0.7258132339274579 0.5301161667711991 0.023782945337363515 0.029823855386194253
3 0.6998501705920035 0.5458911576960128 0.08613858935390813 0.15205337939029934
3 0.6530842585932761 0.5367888684684013 0.05487040802036276 0.15030907220870696
3 0.6291382285964577 0.5134922690341355 0.10696016669318062 0.1959215540583344
3 0.6550274719128222 0.6383331877502421 0.15263738804899774 0.3618010841125635
3 0.5157478905951851 0.5235263200674076 0.08479426535645337 0.17079428903121965
3 0.5021484672581398 0.5509473381195844 0.11535446936663477 0.24596700585373252
3 0.34525357725973066 0.540142169207086 0.11270218403881645 0.2865738251355733
4 0.018766539306183067 0.5498772801524252 0.037533078612366134 0.3002454396951496