2 0.177769583465903 0.9784988120225899 0.02538180800445433 0.03310340133672725
5 0.20119799279913025 0.9779902820257714 0.020657945337363426 0.029923857336090976
8 0.23080367679817576 0.971304477363135 0.03955339600572696 0.04264203333863605
7 0.2737087921307667 0.9663357140356347 0.02549089600572696 0.04247840133672724
7 0.3501712947962668 0.9586328493793616 0.0301965773392725 0.044095445337363516
0 0.7601060847389967 0.5415849934356771 0.017532945337363513 0.02988749466899989
4 0.9200083434118145 0.5887519894573124 0.07752720536281679 0.2180602040101814
4 0.4758520001193126 0.8836499360279987 0.10895901869827114 0.23270012794400258
1 0.6697425247055891 0.2944730887571322 0.035102253341817755 0.06289998933799978
3 0.6550180480585428 0.438813434754905 0.08179653469127164 0.18217724801081764
3 0.6079975973901792 0.42576799474854166 0.09449652936027153 0.19951019867918127
3 0.7154748374044967 0.532473075429632 0.08692038669636233 0.2197317920114541
3 0.5594879193984515 0.4861327827418602 0.0791987933640895 0.22745338534372692
3 0.5070078093968607 0.47380495806808776 0.07418402936027135 0.19927384134309048
3 0.45582766474376923 0.5731958833943154 0.06181129869508961 0.21006589067472703
3 0.2475322647199066 0.39501469736631667 0.08628404002227175 0.165044292011454
3 0.09184588605981543 0.44163406401177224 0.06767949069063528 0.17732611600890866
3 0.7227168147676317 0.7520588694302683 0.11030334269572588 0.21531701201463563