6 0.30381676630366095 0.82109375 0.09081589754067192 0.0328125
6 0.5622059832243694 0.85625 0.03765453610435365 0.0265625
7 0.38566166394252865 0.853125 0.04563066256778665 0.0546875
7 0.5019770103517326 0.86875 0.05033634328594587 0.0578125
8 0.44585882055838705 0.84609375 0.04864657825883114 0.0359375
5 0.42694973927449364 0.8734375 0.02361930718159222 0.03125
2 0.45270826337679465 0.87734375 0.029851126463433176 0.028125
4 0.44018605835994273 0.746875 0.059938602262936416 0.096875
4 0.25203818120913857 0.32109375 0.06856014422102223 0.2359375
4 0.9639432835702706 0.2890625 0.0700226502711466 0.21875
3 0.6804257598607533 0.54453125 0.13732832493918146 0.2390625
3 0.7070791634515494 0.52890625 0.12165787314378348 0.23125
3 0.5490171994577071 0.4375 0.09498628883482799 0.2125
3 0.5071751331027325 0.378125 0.14045332493918145 0.2390625
3 0.5214063256265525 0.21484375 0.06990447560311139 0.1984375
3 0.5021790817748727 0.296875 0.07936128883482815 0.2125
3 0.3573609645830175 0.48046875 0.08906354176169433 0.26875
3 0.4218820068356911 0.5359375 0.09680331888905727 0.25625
3 0.4755922932346322 0.70390625 0.0807692527304745 0.1859375
1 0.41916711475596813 0.196875 0.05048178903121965 0.0828125
0 0.5404052687395478 0.440625 0.02361930718159222 0.03125