2 0.8673138660135047 0.9567054169675908 0.023628397540672096 0.032948855386194256
5 0.8438809111930446 0.9576230223537852 0.018922716822513053 0.02979658430895569
8 0.8118223901158057 0.9531218747149172 0.03773634933607006 0.040843168617910666
7 0.7680587545771862 0.9510326547691467 0.03617384933607006 0.04083407825883114
7 0.6883485286794871 0.9475900130822069 0.03775453005422928 0.04396816861791066
4 0.6189985649802324 0.8448649888817101 0.0876555778660478 0.2958124697493787
4 0.14954249950902068 0.32335971106697614 0.05750446955298725 0.21595225292686626
0 0.5767817103796051 0.3029047478587007 0.017369307181592398 0.03134999394987581
1 0.728843659248137 0.25358093784843794 0.04260565651766228 0.07212043969514967
3 0.6866764234896847 0.7944695582617468 0.08420332493918145 0.23954428903121966
3 0.6942338725546083 0.6162945612868089 0.06829652380771342 0.19101588544042372
3 0.6115344811622563 0.5019280551384889 0.09689422247985355 0.2724295119038567
3 0.5787032795632501 0.36461440749962104 0.05886698165323558 0.18158634328594586
3 0.5384141019683487 0.2882837116561513 0.05434310811666876 0.20968407220870694
3 0.27628330327276746 0.6218512323406067 0.07541919827935661 0.3410522468767422
3 0.1749015686926656 0.3849330153217022 0.05132719242562418 0.22841589149054772
3 0.347290173980664 0.4722143258229443 0.05926695745273882 0.2503363432859459
3 0.4408538216195318 0.4396376542781672 0.08106014422102241 0.2364011083130606
3 0.44401115875715763 0.5794677687395478 0.06407263212077385 0.2706761143631848