7 0.21328125 0.89921875 0.0375 0.0453125
5 0.0640625 0.871875 0.0234375 0.0328125
2 0.03984375 0.86875 0.0234375 0.03125
8 0.09453125 0.87734375 0.0328125 0.0359375
7 0.13515625 0.884375 0.0359375 0.04375
4 0.1265625 0.82890625 0.0890625 0.21875
4 0.946875 0.6671875 0.0703125 0.2078125
3 0.878125 0.7234375 0.0875 0.246875
3 0.76875 0.6390625 0.0796875 0.2125
3 0.65703125 0.359375 0.0609375 0.153125
4 0.46171875 0.33203125 0.0515625 0.140625
3 0.6265625 0.43046875 0.059375 0.184375
1 0.76796875 0.35703125 0.0390625 0.059375
3 0.61796875 0.66875 0.078125 0.20625
3 0.521875 0.7828125 0.1140625 0.2625
3 0.246875 0.40390625 0.065625 0.1578125
3 0.359375 0.45390625 0.065625 0.1765625
3 0.27421875 0.55234375 0.0796875 0.1953125
0 0.13671875 0.60078125 0.0203125 0.028125
3 0.1171875 0.56796875 0.0875 0.1984375