7 0.26664403520850577 0.9211447887366322 0.022347714672181596 0.04075226502711473
7 0.19167130720882392 0.9183647015008105 0.022347714672181596 0.04075226502711473
5 0.11748891987591481 0.9148079094445286 0.019077264003817974 0.028234084308955333
2 0.09483266987591481 0.9146760992378742 0.02381930800445433 0.032948855386194256
8 0.14716732920914208 0.9157618762670413 0.03788180800445433 0.033030668617910666
1 0.30314953528804756 0.3353800055591448 0.031886346674090585 0.0548693071815924
4 0.2992518286123661 0.40176807484098565 0.027962462682999244 0.12046703610435347
0 0.23146434460536644 0.45293968940056206 0.012754538669636162 0.02194772287263689
3 0.21955469060313929 0.46927776170746494 0.04442380402608972 0.19243293969514957
3 0.45548309993636665 0.4714316559284873 0.04885676535645338 0.1705852107723885
3 0.5477069626034574 0.4688429871141847 0.04106244668999892 0.17210225897699036
3 0.30762576058245844 0.622144207354543 0.07752720536281679 0.21762383723582168
3 0.6215262706079118 0.43645773399092674 0.05508858402290802 0.16905907220870695
3 0.8177012892664122 0.49775936923495856 0.08968176002545328 0.18800906010845858
3 0.9565183412635486 0.5196621611930445 0.0727124360279987 0.20665906615858276
3 0.9422082038908688 0.8094422786794873 0.046822645369179836 0.26431703005422946
3 0.7069525038988228 0.7494758844584649 0.08090674403245295 0.2395170179539809
4 0.5319604998806874 0.8820606046006274 0.06757040268936265 0.16756929508134383