4 0.7075953731437835 0.23125 0.06990447560311139 0.1984375
3 0.9020645532727676 0.6234375 0.09839308996629618 0.2609375
6 0.6012252577004442 0.88203125 0.09710225897699054 0.0390625
7 0.5122218450344617 0.8921875 0.036310204722264317 0.0640625
8 0.45271048964826743 0.86875 0.05491475897699054 0.0390625
5 0.46540593236847927 0.90234375 0.025190897540672098 0.0328125
2 0.4372536612912404 0.89765625 0.0314318071815924 0.03125
7 0.3894837818027452 0.878125 0.03471134328594587 0.0578125
6 0.33306561015977226 0.84921875 0.0376727168225127 0.0296875
1 0.3290931232419793 0.16640625 0.04573974687674198 0.0734375
4 0.38853838445846495 0.715625 0.08230448165323559 0.18125
0 0.8214629513044187 0.33203125 0.023673849336070064 0.040625
3 0.13806114060678498 0.63359375 0.11235559601642038 0.24375
3 0.359317996189371 0.52734375 0.08564765027114643 0.21875
3 0.4177475988450907 0.36484375 0.07153969847574845 0.2109375
3 0.44529133674484234 0.39921875 0.06538060206654457 0.2265625
3 0.6676566952542945 0.34921875 0.0807874334486339 0.1890625
3 0.643502098648699 0.49453125 0.09985559601642038 0.24375
3 0.6029907281371942 0.5140625 0.11389991529826116 0.240625
3 0.7606754422292324 0.3578125 0.09659424063022612 0.2203125
3 0.6836594660369458 0.5484375 0.07653627068445541 0.2640625