7 0.6629776219844427 0.9844058892425496 0.040715903590796285 0.016097714672181594
1 0.32973191003370383 0.25708305728836567 0.042569295081344015 0.06611589600572695
4 0.21724502469147616 0.390414272636865 0.06214651775758915 0.2085215720082724
4 0.6895609071068376 0.3091422599061407 0.05877607806243947 0.1662977093411815
4 0.6596167935292198 0.8907013425764132 0.06805108411256366 0.14921929734245404
0 0.705598476683266 0.5065985152371407 0.018940897540672096 0.03303067600254543
3 0.6853223381195844 0.5005848725732316 0.10734993344863372 0.19029883068109027
3 0.6504069826351943 0.4595877025780041 0.09366013817089805 0.2541976986791813
3 0.6811620789462023 0.4100144165738679 0.05110902380771343 0.1912068026734543
3 0.762512072896078 0.3918814872295048 0.054215843089554204 0.18811816534054504
3 0.7799389047691466 0.7533729705601868 0.09683968032537571 0.263609061346272
3 0.6315110160090732 0.6191717879137767 0.07013173458010194 0.23829997867599956
3 0.4073564194034778 0.4764773999443207 0.09663060206654457 0.22767156134627217
3 0.2998342900131784 0.5620978212921838 0.07479196350286302 0.23366702267663583
3 0.24460188934924845 0.5221182586330471 0.06236468637549999 0.2460215720082724
3 0.05284059446429623 0.7196488813255912 0.09529536104353502 0.26671588001272684