6 0.6301451432390637 0.8807388563681527 0.0970477168225127 0.030251102262936057
6 0.3479957185710286 0.862067166182024 0.039217036104353474 0.02678975897699054
7 0.5364860468298598 0.89690927791293 0.04564884328594587 0.058076120413308986
7 0.40908775467538216 0.8882751421779188 0.04722043364502539 0.05964771077238851
8 0.47464457698228496 0.8761745970965749 0.043949987899751616 0.03462953005422946
5 0.48890706488203656 0.9104677838648584 0.02362839754067192 0.032948855386194256
2 0.4584246793434172 0.9083012958669109 0.023601126463433174 0.028261355386194252
3 0.8673532099868216 0.5605980314289714 0.09225217427525152 0.2802147408266178
4 0.6593099475919857 0.7907223895456402 0.058276108313060605 0.08002384328594588
3 0.7079873003459012 0.5630877480550923 0.0811328670936593 0.24890110831306062
3 0.48787530912649996 0.7331240338648582 0.06977721057599684 0.17696247579950325
3 0.4241759026088376 0.6616171934075827 0.07518284894328672 0.30042724687674216
3 0.37521064090137257 0.43689444935951116 0.09382376463433122 0.2817863311856975
3 0.3211680355151783 0.4137705667477579 0.07344763212077385 0.27073065651766226
3 0.5126970053627532 0.4337507477605048 0.08586581888905727 0.2567408793902993
3 0.5251283067888088 0.28757972970832807 0.05553290339440444 0.14563066256778665
4 0.6253686804235716 0.19402465154769272 0.06693401170746505 0.22538179508134393
3 0.7351891080184729 0.2699508264121195 0.09506810206654456 0.22710792154477702
3 0.6228305294650541 0.42920362744539176 0.07656354176169415 0.2691863372358217
1 0.22980619554888215 0.153355762394836 0.04734769867214013 0.08152271077238851