6 0.3471213387087596 0.8997061259724539 0.0954852168225127 0.030242011903856537
6 0.6222622392744936 0.8770872791704665 0.039207945745273774 0.02522725897699054
7 0.4384503206565828 0.9135191619786115 0.04563975292686635 0.056513620413308985
7 0.5635139531701402 0.9033088907049809 0.04722043364502539 0.05964771077238851
8 0.4987247453246179 0.8935566408031768 0.04238748789975162 0.03462043969514994
5 0.48603839296348567 0.9255151679305399 0.015779536104353654 0.026653403590795932
2 0.5149537333225653 0.9241208395735127 0.022038626463433176 0.028252265027114733
1 0.2983506207078965 0.15095955376374678 0.042651108313060425 0.07993293969514967
4 0.029232461165171992 0.5564272620020525 0.058464922330343984 0.2628545240041051
4 0.6145775251824555 0.7207872821955286 0.0762544695529872 0.2160613372358217
4 0.6749222110669761 0.15158783030193468 0.06373628883482799 0.2128636143631847
3 0.24559624190677232 0.624106162273199 0.0829680778660478 0.29578519867214015
3 0.27165020267916085 0.5773811531980126 0.12654536104353503 0.26635222872636943
3 0.36515982904439814 0.48495327956325 0.09832036709365921 0.24900110226293642
3 0.38482743443059236 0.4616294090517452 0.0751373971478885 0.292614746876742
3 0.5372631297830829 0.1781316287029283 0.06832379488495235 0.1957033854404236
3 0.5555717264868743 0.3884015081914235 0.1293794695529872 0.21637040944452862
3 0.5944564436039745 0.5534770623479538 0.09991013817089804 0.2536976926220159
3 0.6894422115579555 0.4759020290722706 0.0841487827847038 0.23016928903121964
3 0.723708127249 0.4948520169720222 0.12655445140261462 0.2679147287263694
3 0.8829387232654204 0.25202014323906363 0.07788060206654457 0.2270079275949013