6 0.39300875760224835 0.9491294090517453 0.10179884933607006 0.04121587334017533
6 0.6762752546753822 0.8945293092246958 0.04236930718159222 0.031495439695149584
7 0.48990193832040757 0.9528180113146816 0.05348861436318479 0.06280907220870695
7 0.6186627425751337 0.9285679659387501 0.05506929508134402 0.06594316256778683
8 0.5491133118569744 0.9250384449597071 0.048673849336070066 0.04090680113146803
5 0.5407286401158057 0.960925947984769 0.028334078258831143 0.03610112646343318
2 0.570384323859027 0.9556299148072818 0.026744307181592396 0.0314045361043533
0 0.45937201746300155 0.4050026800307881 0.02836134933607006 0.040788626463433175
3 0.426005526439992 0.44386973731057644 0.10770445745273882 0.2506181444174139
4 0.0931970507386847 0.30834428600615765 0.12008628278470379 0.23037836729005096
4 0.9743425116092691 0.721283748527062 0.051314976781461755 0.2721931625677865
3 0.49203855083688064 0.245823122751 0.08722833098930564 0.22237496974937895
3 0.4122253484523073 0.6265958788993201 0.15641466822512734 0.2977749455488823
3 0.48681225799503186 0.6903089209556018 0.1595214875069683 0.2946681262670413
3 0.2833140323919204 0.49069421945479136 0.16877831283893308 0.27441016842151916
3 0.1818197100850175 0.5018220961146163 0.1140362706844554 0.26471700585373253
3 0.09371624296791715 0.666147695647078 0.12040444535249042 0.2850658672900508
3 0.6585771319243822 0.40381795081343946 0.11859650565734085 0.24286927693097127