4 0.9740788911959601 0.25018999852706203 0.04297836123992695 0.13618293969514966
3 0.6972204336450255 0.06342930014950951 0.08819086729005096 0.11925906010845859
3 0.6388044665279251 0.22792761650448404 0.06551695745273882 0.2503727047222643
3 0.8030089088553535 0.5218417638487642 0.08572946350286301 0.23330337939029935
3 0.7367162883438487 0.5409866735878806 0.10002831283893307 0.2740101926220159
3 0.6610310079950319 0.6913224959929793 0.16103853571156995 0.286864716626121
3 0.39695889675510504 0.5538532704880637 0.09185219847574837 0.2114647408266178
3 0.4253434928697213 0.732918601771957 0.11848742134838534 0.22411927693097128
3 0.2246173059050461 0.8754959454506863 0.14476812021691723 0.17583631303532457
3 0.22168916851971496 0.1036300358097659 0.07296584308955412 0.18791815651766242
4 0.04885565651766241 0.07215680113146815 0.09754768657189171 0.1161886022629363
1 0.4960286975919856 0.7973901679305397 0.1152169756031114 0.19910109621281222
0 0.4335094751121321 0.5251606439264347 0.03156816256778665 0.05486930718159222