6 0.35355314589035197 0.86640625 0.097065897540672 0.0328125
6 0.6326639289696434 0.83125 0.039226126463433174 0.028125
7 0.44646735373587426 0.87578125 0.048773843285945875 0.0578125
7 0.5731207573266704 0.86015625 0.050354524004105096 0.0609375
8 0.5075457543016084 0.8515625 0.053343168617910844 0.0375
5 0.495622471222317 0.88671875 0.025190897540672098 0.0328125
2 0.5237701971200159 0.8828125 0.0314318071815924 0.03125
0 0.7262978378249969 0.3140625 0.02051248789975162 0.034375
4 0.6734051628623743 0.13984375 0.07153060811666875 0.209375
3 0.42481312675802074 0.16640625 0.07153969847574829 0.2109375
4 0.6155678534412867 0.68125 0.08864538524403187 0.196875
3 0.7856092053114395 0.325 0.11852378278470396 0.2296875
3 0.3866131691088902 0.28671875 0.07311128883482798 0.2125
3 0.3589421661820239 0.34296875 0.0857385538619427 0.234375
3 0.40333706079582965 0.36640625 0.1092396863754999 0.2453125
3 0.5153189103282914 0.45546875 0.0905078670936593 0.2484375
3 0.5808939133533535 0.4640625 0.1029987767345796 0.246875
3 0.5861722866935286 0.3625 0.08106923458010193 0.2375
3 0.1514235402095701 0.6953125 0.07794423458010188 0.2375
3 0.23870134729296658 0.59921875 0.11076582493918145 0.2390625
1 0.2583977863989411 0.16796875 0.04578519867214013 0.08125