3 0.5678030400131784 0.565625 0.13880901170746504 0.225
3 0.3145512958669109 0.453125 0.08400333703942993 0.2046875
3 0.9264376966290367 0.55859375 0.1028351502711466 0.21875
3 0.5856314103282914 0.45546875 0.08874537919390768 0.2140625
3 0.42886832592114016 0.409375 0.09510446350286302 0.2328125
3 0.367098537184508 0.68671875 0.11212833703943001 0.2046875
4 0.3950412091220685 0.85234375 0.1578408128389331 0.2734375
3 0.8285961360295987 0.321875 0.07629083098930564 0.221875
3 0.37657807631392365 0.66875 0.12153060811666876 0.209375
3 0.29481603366846654 0.35390625 0.053815867290050966 0.11875
3 0.4818802173134921 0.29453125 0.08091469847574828 0.2109375
4 0.6537643076725717 0.29296875 0.07937037919390769 0.2140625
0 0.3944831938003663 0.6796875 0.028343168617910842 0.0375
1 0.26243532572474837 0.2796875 0.04103406615858276 0.0703125
8 0.24375544419314976 0.9390625 0.054942030054229284 0.04375
2 0.18118726650005262 0.95078125 0.056513620413308895 0.0453125
7 0.17861625752306218 0.98984375 0.03449317466803503 0.0203125
7 0.3122736400366195 0.97890625 0.03618293969514967 0.0421875
5 0.30942589598854786 0.93125 0.03775453005422928 0.04375