4 0.21897830073868468 0.3090760599120669 0.07310219847574836 0.21135565651766236
4 0.42230939646051746 0.7485254210537977 0.07431926483072289 0.15198974687674216
4 0.9284078428931624 0.3225780829342133 0.07152151775758923 0.20822156615858275
0 0.8274543969514967 0.42667470959403814 0.025236349336070062 0.040770445745273776
3 0.7267544393023663 0.3057804266129426 0.06356357201231529 0.1831761143631848
3 0.8149412822937245 0.5586286915418615 0.09069876463433105 0.2817681504675383
3 0.7188793485505032 0.5635383844584649 0.0997828731437835 0.23182269262201594
3 0.6610350322937245 0.557733291172519 0.08446694535249044 0.2848567890312198
3 0.6477168999765589 0.4170355682998821 0.07477378278470379 0.23011474687674216
3 0.5276902254067197 0.33118390583029134 0.09033515027114643 0.21926815046753828
3 0.4054152496072165 0.26172485782208116 0.0664158612399266 0.13631929508134394
3 0.38270497833358597 0.38658850243588694 0.08419423458010185 0.23798178903121983
3 0.22883561065075156 0.5263135568870048 0.10135446350286301 0.23339428298109546
3 0.23616736338122607 0.7122874183233232 0.11382719242562418 0.22877950585373236
1 0.36361356898725317 0.1935152133064713 0.0457670179539809 0.0783886204133089
6 0.31747242641655093 0.8565055718159236 0.0939318071815924 0.03179542154477701
6 0.5880076402140015 0.8963594539366972 0.0392352168225127 0.029914758976990186
8 0.4660644625209044 0.8839316559284871 0.04238748789975162 0.03462043969514994
5 0.4451343389843375 0.9119339360809124 0.022038626463433176 0.028252265027114733
2 0.47407240524111616 0.9175708577238855 0.029842036104353476 0.026735216822513053
7 0.4036053691367627 0.8905992915653025 0.05347952400410509 0.061246572208706954
7 0.5263570679070987 0.9077191347530527 0.05347952400410509 0.06124657220870731