7 0.21514917604277714 0.8849364319700923 0.0362011204133089 0.04573067067154533
7 0.1394497392744937 0.8717557266470465 0.0362011204133089 0.04573067067154497
5 0.06764746214713063 0.8600920679901367 0.02204771682251274 0.029942038669636163
2 0.04500939286528986 0.8572306973265459 0.026771578258831207 0.036246582670272434
8 0.09652189589035197 0.8652244633195462 0.03927157825883121 0.036392033338636054
4 0.6118560043998043 0.9092246232495492 0.09784766842151918 0.16831474267981755
0 0.132374600121637 0.476552314648319 0.02678066861791084 0.03780908267027243
3 0.07211329011137425 0.629586955323046 0.11722490319801271 0.27634541868236295
4 0.13009500351604142 0.3312761773154099 0.0713942527304745 0.1867556600095451
3 0.24455241325515767 0.3963460992998197 0.10454309601642038 0.24494996801399935
3 0.3083331121236895 0.4440381646244565 0.10287151170746486 0.226181786680454
3 0.4846552384889268 0.34902401460059396 0.11360902380771343 0.19193405601527197
3 0.5694887807416004 0.4035018819223672 0.08723742134838516 0.22443747334499947
3 0.6383604588274809 0.6503399719128222 0.11894193930236625 0.30292610001590853
3 0.6098314587292851 0.5858325765834129 0.10458854781181834 0.2527624680139994
3 0.48633032621572775 0.598206401933503 0.10001013212077385 0.2714579240133631
3 0.3191241246167214 0.7376427139560929 0.1626373971478885 0.29406017735518086
3 0.770886612516473 0.6980133085614594 0.0921339996072165 0.2604295173456359
1 0.7447796722321481 0.3514655725652774 0.052026108313060426 0.08028748400699967
4 0.8011564163784157 0.46330195389086865 0.08407605991206708 0.21815111067790854