6 0.743108230671277 0.8253923053348806 0.10179884933607006 0.04121587334017533
8 0.587780381237011 0.8505155460633025 0.04709316861791084 0.03777271077238851
5 0.6082746884186034 0.8816473713952675 0.02676248789975162 0.034529536104353296
2 0.5786053691367627 0.8849450882177802 0.03301248789975162 0.034565897540672096
7 0.5246491221618248 0.8766649556060273 0.050363614363184796 0.06279089149054755
6 0.4589332185710286 0.8614217506873711 0.0392443071815924 0.031477258976990184
4 0.11434690553570377 0.719671629684887 0.11116580073868469 0.3084488251355733
1 0.40151302390590915 0.12344957289607805 0.05522383118569749 0.09250566256778661
3 0.42122257766965604 0.4225637837666625 0.10007376463433122 0.2818226926220159
3 0.43823788172799044 0.5271558349963265 0.10654193325224207 0.31935905405833437
3 0.682137351771957 0.41713944380036627 0.12357489714788858 0.2928965480082102
3 0.6726315833269968 0.6632968263139236 0.1577044574527388 0.2509090359079618
3 0.9529709847764936 0.356959426140973 0.0940580304470128 0.2943045119038567
3 0.911943026439992 0.4361156610156625 0.1346123910977642 0.31014768052176755