6 0.3609375 0.84765625 0.090625 0.0234375
6 0.62734375 0.8421875 0.0359375 0.021875
7 0.44765625 0.86640625 0.040625 0.0515625
7 0.56875 0.86484375 0.0421875 0.053125
8 0.50703125 0.85 0.0390625 0.03125
5 0.49296875 0.88125 0.0203125 0.0296875
2 0.521875 0.88125 0.0203125 0.0265625
0 0.5109375 0.365625 0.0203125 0.034375
3 0.475 0.39609375 0.0609375 0.2234375
4 0.1953125 0.221875 0.075 0.203125
4 0.9609375 0.7375 0.078125 0.240625
3 0.5671875 0.22578125 0.0453125 0.2
3 0.43125 0.56015625 0.1 0.2625
3 0.4890625 0.62734375 0.1015625 0.259375
3 0.3375 0.41640625 0.1140625 0.2359375
3 0.24296875 0.41015625 0.0640625 0.2359375
3 0.13671875 0.54609375 0.065625 0.25625
3 0.6921875 0.39609375 0.0703125 0.215625