4 0.6376165366406831 0.19885150608685964 0.06473630402608972 0.19291475334181776
3 0.9017308439290488 0.5332196047899034 0.09357037603436211 0.2541795173456357
6 0.6676258272199597 0.8430378580919502 0.09416817067154533 0.03702838001272681
7 0.584476972549369 0.8709804974140418 0.035102253341817755 0.06289998933799978
8 0.5244298105506416 0.8609055160725422 0.05356135200509051 0.038118165340544866
5 0.542843455880051 0.8900299420750875 0.02380112667090888 0.0315227200031817
2 0.5147002745465056 0.8912651780712695 0.030051126670908878 0.03159544533736351
7 0.46479118121423274 0.8828708753978152 0.03346702800763594 0.056631808004454595
6 0.40637924454968727 0.8665640753898611 0.03626476400381797 0.028543170671544972
1 0.2639244979710468 0.21638116736949833 0.044586341343090474 0.0723840773392725
4 0.4314257925684591 0.7285555453930427 0.07859880935708982 0.17589088534372674
0 0.7664767859643653 0.2714543067711316 0.022347714672181596 0.04087953866963625
3 0.17622976257164075 0.7021453973583625 0.10745106269890758 0.2387181493475447
3 0.3662564205920035 0.5543362480505886 0.08059766136218052 0.21340906667727227
3 0.38851432328136604 0.38738510538667936 0.06644425469445334 0.20543293467536322
3 0.4217989906110935 0.4143385040579064 0.06195674936345306 0.22256589067472704
3 0.6236893019573656 0.3213623054184961 0.07712721602481701 0.18368520401018137
3 0.6298382099379574 0.46442196208622333 0.09495106269890759 0.23857269867918127
3 0.5951541272676849 0.49058447274822353 0.10741470003181668 0.23559314934754472
3 0.7128972526257291 0.30989864143058643 0.09155334269572606 0.21509883601209037
3 0.6785660639322304 0.5071821740929048 0.07173173870145284 0.25704997867599955