7 0.20180883870875962 0.8952472233052285 0.028379530054229284 0.04407726400381797
7 0.12453781158139657 0.8836471993157282 0.025254530054229285 0.044040901336727244
5 0.0496105344540335 0.8720199033259094 0.022056807181592353 0.031504538669636165
2 0.02697246517219274 0.8691585326623184 0.02833407825883121 0.03626476400381797
8 0.08083326337679464 0.8763437766550005 0.04240566861791084 0.03799089600572714
1 0.3741268046475096 0.2800023892823205 0.042569295081344015 0.06611589600572695
4 0.35572626259122775 0.35443022461809315 0.05722266842151909 0.16784202800763595
3 0.9746393681738137 0.4534713258673243 0.046576059912066724 0.21771475867281787
3 0.9779092930382405 0.5628008725334607 0.034720433645025396 0.05977498933799978
3 0.9281496666730031 0.6563423345401421 0.11081127673457943 0.24814769334818115
3 0.7440645164018568 0.8772195505649591 0.14663969242562408 0.22981586401972648
4 0.7297020345522294 0.9289456825668683 0.09916472872636942 0.1261454240133631
0 0.2607904916121847 0.4250614452975926 0.017351126463433175 0.028324994668999893
3 0.2419223169441497 0.4455921213001379 0.07467378883482798 0.21335452267663585
3 0.4164950700674077 0.5169933119430481 0.0873737767345796 0.24787497334499947
3 0.38667121468121346 0.5407762572804116 0.08729196350286302 0.23381247334499947