0 0.37036898292978193 0.6638958909995685 0.023692030054229284 0.04388635538619425
4 0.15646049815328827 0.7704675569852005 0.07653627068445541 0.2644988372358217
4 0.33513300322145384 0.14023567720211783 0.04491356596219109 0.20025453005422927
3 0.4088926900879331 0.21957371925839966 0.08264082493918146 0.23953519867214013
3 0.5422546359314029 0.260194694959707 0.04822037314378349 0.2315227107723885
3 0.6317978832009283 0.44665943578632483 0.07499195140261464 0.26761474687674197
3 0.6175944826351942 0.4707963725546082 0.0937237706844554 0.2645988311856975
3 0.5720547236582039 0.5095952521412993 0.08132376463433104 0.2817136083130604
3 0.7104132417103806 0.4971184989198455 0.06737943930236626 0.301944295081344
3 0.4285405521134268 0.6025134842855143 0.11524424668035031 0.20378859621281223
3 0.3753110129840112 0.6201731620768073 0.11390900565734077 0.24284200585373253
3 0.24634165135130098 0.49598116227319905 0.08577491529826116 0.24111587939029935
3 0.15616610324489494 0.552489716626121 0.06869649960721654 0.25976588544042356
1 0.754777882709949 0.12314518861499517 0.04584883118569749 0.0924511204133089
6 0.35677813984022777 0.8513231681269314 0.08769089754067201 0.03332156010845892
6 0.621662796456086 0.8458327339909267 0.03606476502711473 0.02208407825883114
7 0.5637230314289714 0.8673713907049809 0.04561248184962743 0.05182612041330899
7 0.44495030553127235 0.87058677341493 0.048792024004105095 0.06121930113146803
8 0.5036440494811482 0.8537401618804156 0.05175339754067192 0.03311248184962743
5 0.4886230374790956 0.8841225534691592 0.023619307181592396 0.031386355386194255
2 0.5159622422995558 0.8850628847530526 0.028297716822512697 0.02985112646343282