3 0.18203125 0.8356597231672247 0.11875 0.2647533672900508
3 0.30703125 0.5458699944408552 0.1015625 0.31934087334017514
3 0.33125 0.553541593875121 0.1171875 0.3491192769309713
3 0.25390625 0.5672728166495621 0.128125 0.31949540944452864
3 0.3890625 0.5414865005891751 0.121875 0.3163340480082102
3 0.4734375 0.7753706211988758 0.13125 0.407013590162688
3 0.67734375 0.7101218293389857 0.134375 0.3257817708808471
3 0.8078125 0.5968627843558376 0.1 0.30214428298109547
3 0.8609375 0.8715537121471307 0.159375 0.2478022166261212
4 0.34921875 0.2995308047457054 0.071875 0.24260565651766236
4 0.31640625 0.8973779522863774 0.096875 0.17087610226293642
1 0.390625 0.24069616023009557 0.053125 0.10030907220870704
0 0.39609375 0.2266018439733169 0.0234375 0.040761355386194256