7 0.39240765121741444 0.858587943387952 0.04920111600890866 0.06618862133990859
7 0.5197786732177325 0.8577259720719057 0.04752952800763595 0.056795440006363405
6 0.5856309398870506 0.8389583380808144 0.03782726400381797 0.028561352005090867
6 0.2989121898870507 0.8356220633752255 0.10034544533736352 0.03085110534690827
8 0.4559070772199597 0.8405742873965426 0.051980670671545326 0.036537484006999674
5 0.43986390654841456 0.8763299740610881 0.02538180800445424 0.03310340133672725
2 0.4687792472151872 0.8758850787316789 0.02848862667090888 0.031577264003817974
3 0.29174895862509287 0.3096862720400891 0.09458743602799871 0.20732269867918127
3 0.49298364727882066 0.4073532547342242 0.0674794960216353 0.16013861600890866
3 0.5703819412794571 0.4035657307447237 0.043279474697634865 0.2285977146721816
3 0.64322854793923 0.4552015034213596 0.07133174936345306 0.22267497867599956
0 0.6347973352562308 0.575432187420405 0.025399989337999786 0.03466590133672724
3 0.7463706345878672 0.5892321527689044 0.0742022106938169 0.2008363413430903
4 0.7003790712921838 0.3113156907622229 0.025691985359635083 0.19402272000318171
3 0.5195274186028211 0.47642142807126947 0.054797682686180946 0.14436816534054522
3 0.5097700632559127 0.5763214307367696 0.09622266136218052 0.2135908800127268
3 0.58612347792014 0.5951810660804963 0.09989310136854393 0.26050224267981753
3 0.40504674793127593 0.5110316907224519 0.04031810669954403 0.24262385200509068
1 0.6448654153007742 0.24737991275458687 0.03521134134309047 0.07227498933799978