7 0.14824115826617829 0.90625 0.03309430113146812 0.0484375
7 0.06767241431630248 0.8890625 0.03309430113146816 0.0484375
8 0.023854236623205353 0.87734375 0.03774543969514968 0.0421875
1 0.28909081283893306 0.2734375 0.044122704722264317 0.0640625
4 0.27388396935659554 0.3453125 0.052344270880847074 0.134375
0 0.190540204231285 0.38828125 0.018904536104353477 0.0265625
3 0.1765686078220812 0.40390625 0.08406696955298724 0.215625
3 0.43152427341492994 0.45 0.08393061416679296 0.1921875
3 0.5323918818261862 0.46484375 0.07611811416679296 0.1921875
3 0.24560547501393626 0.5875 0.12489195745273882 0.25
3 0.6189788216195318 0.4421875 0.09018061416679295 0.1921875
3 0.8211503756778662 0.546875 0.1309601502711466 0.21875
3 0.9552925297596417 0.59375 0.0894149404807166 0.234375
3 0.9027877577004443 0.88203125 0.09981014422102205 0.2359375
3 0.6577792638487643 0.8 0.13127831283893307 0.2734375
4 0.4451297938047977 0.90859375 0.10262607201231529 0.1828125