7 0.296875 0.9415709182251273 0.0296875 0.040797716822512695
7 0.21875 0.9403351502711464 0.0296875 0.040797716822512695
5 0.1453125 0.9422516533944044 0.01875 0.028234084308955333
2 0.12109375 0.9428920028286705 0.021875 0.03293976502711473
8 0.175 0.9416431202169171 0.034375 0.03144998789975162
4 0.475 0.9137544695529872 0.0875 0.1724910608940256
4 0.165625 0.6915885780624395 0.0828125 0.30829428903121964
3 0.1671875 0.8831715691836448 0.0875 0.2336568616327103
3 0.38984375 0.6530492945903645 0.075 0.36449883723582166
3 0.50546875 0.6279407311622563 0.0578125 0.3362738432859459
3 0.6953125 0.4345139597904299 0.08125 0.2973476986721401
3 0.6625 0.2788543122497579 0.0578125 0.2565863432859459
3 0.62109375 0.43173841773414806 0.0734375 0.297302246876742
3 0.55625 0.34307991783234393 0.0421875 0.2893079396951498
3 0.47109375 0.4488344932625047 0.0796875 0.3239011083130606
0 0.39375 0.32963452048806363 0.021875 0.039189765027114645
3 0.37890625 0.5256419120768073 0.0625 0.2972386143631846
3 0.4140625 0.5141276951560987 0.05625 0.34095225292686615
1 0.3890625 0.21788849941082483 0.046875 0.08152271077238851