6 0.3654332034457181 0.90703125 0.09859203610435348 0.0265625
6 0.6552133209321608 0.89609375 0.039207945745273955 0.025
7 0.4608502425751337 0.925 0.04563975292686617 0.05625
7 0.5920729714978948 0.9203125 0.04722043364502539 0.059375
8 0.5248036582661783 0.90625 0.051762487899751616 0.034375
5 0.5109411461659299 0.940625 0.023628397540672096 0.0328125
2 0.54062410098639 0.93984375 0.0298602168225127 0.0296875
0 0.7920254361791083 0.375 0.018940897540672096 0.0328125
4 0.7503368641667929 0.1921875 0.05592378883482816 0.2125
3 0.49411413524403186 0.196875 0.05593287919390768 0.2140625
4 0.016117962913687854 0.621875 0.026399915298261127 0.240625
4 0.6504116705628185 0.7421875 0.0745919756031114 0.1984375
3 0.851500430128984 0.3921875 0.10446128278470397 0.2296875
3 0.4448095477136226 0.31640625 0.0575044695529872 0.215625
3 0.412319755460949 0.371875 0.06856923458010193 0.2375
3 0.4562333819243822 0.4 0.0920521863754999 0.2453125
3 0.5646322100850174 0.50078125 0.07333854781181834 0.2515625
3 0.6311248184962739 0.515625 0.0842578670936593 0.2484375
3 0.6445873547970191 0.4125 0.06390900565734067 0.2421875
3 0.1721184989198455 0.71328125 0.06078400565734077 0.2421875
3 0.26847080327276746 0.6234375 0.09358741529826116 0.240625
1 0.3229476623713949 0.184375 0.03953519867214013 0.08125