4 0.3364743520665446 0.224612617977422 0.05743174668035032 0.20345225292686625
0 0.7282214905320302 0.28092923302797773 0.02208407825883114 0.03606476502711464
4 0.8962276437300428 0.5549611097859984 0.08571128278470397 0.23017837939029934
3 0.6956413155694076 0.45534342574818953 0.06543514422102241 0.23631020472226433
3 0.7342412490180413 0.6441877571302788 0.057813541761694155 0.2690772529268662
3 0.6610400983541114 0.6852400040070208 0.06714308996629618 0.2613192950813438
3 0.4016378272768725 0.6820615036142372 0.07659081283893307 0.2738738372358217
3 0.31233339099956847 0.3724143137226959 0.05133628278470379 0.22997839149054783
3 0.2182935412707149 0.5917188256265525 0.06714308996629618 0.261319295081344
3 0.06248442368607639 0.6684091115345143 0.07511921642972927 0.289489746876742
3 0.01888791802873564 0.42646705122966405 0.03423059601642037 0.2439408975406719
4 0.14011504087793147 0.8515574339396131 0.06183744554888215 0.1550420240041049
3 0.7354618187908615 0.3168258264121194 0.11099308391617199 0.2787613251355732
1 0.7114289002711465 0.21461843179831375 0.044149975799503235 0.06900453005422928
6 0.3714923059050461 0.8720870607958296 0.1017443071815924 0.03184087334017534
6 0.6551042366232054 0.873562160622879 0.040797716822512695 0.029923849336070063
7 0.4622718420093996 0.8981223199692117 0.048792024004105095 0.06121930113146803
7 0.5911644564707801 0.8950286153451433 0.051944295081343836 0.06592498184962743
8 0.5262343480595237 0.8805621152469474 0.05334316861791066 0.03780907220870731
5 0.5107957004206559 0.9126842688377437 0.025190897540672098 0.032957945745273776
2 0.5404922907797356 0.914074052015231 0.0314227168225127 0.029869307181592576