7 0.6641701601288578 0.9416189525780041 0.03648294000636341 0.04729317067154533
7 0.7455201574633576 0.9492672732336409 0.036464758672817864 0.04573067067154497
5 0.8221917454646303 0.9577513878899142 0.0222386266709087 0.031504538669636165
2 0.8472371987984939 0.961366736553187 0.026980670671545325 0.036246582670272434
8 0.7908962921307667 0.954208764560823 0.03949885200509051 0.037954533338636055
4 0.4800400607892671 0.8976615092695936 0.11319198535963508 0.1950408746817267
4 0.8253872814289955 0.6951786625557324 0.12256808004454349 0.3295067813494537
3 0.8025326787873581 0.8798445638924595 0.12133174936345306 0.22325678134945406
3 0.5949452560868597 0.6330075685869128 0.12167828938572497 0.3873011000159085
3 0.47807538208145084 0.5945183279360484 0.10100216271481592 0.35581474267981755
3 0.29814079205122496 0.3739256592934564 0.11929762937617987 0.316970418682363
3 0.348648227363135 0.21550408461968398 0.09064537070336201 0.2713306546785449
3 0.376329426718634 0.37848534261618416 0.11146694804263432 0.3153170120146357
3 0.45191013470718 0.29321945727245735 0.07854536004136178 0.30556020401018136
3 0.5314260067234065 0.41184164059518513 0.1211692120464523 0.34355110001590833
0 0.623067519374589 0.29669735124923113 0.027071577339272502 0.04405908267027261
3 0.6191992740690423 0.501457576583413 0.10052944804263433 0.31518974267981753
3 0.5838612107335879 0.4862416565881854 0.09947602538190684 0.3589215613462722
1 0.638909600692226 0.18087235658023124 0.05886701734563573 0.09129770934118145