7 0.3390625 0.8918163579202771 0.0578125 0.07064884328594587
7 0.4625 0.912065746287567 0.0546875 0.06125566256778683
6 0.528125 0.9038537913689109 0.040625 0.03461134933607006
6 0.25390625 0.854602183350438 0.1 0.04589428298109581
8 0.40390625 0.8851623578220812 0.0546875 0.04406816256778647
5 0.3828125 0.9162896379745064 0.028125 0.03453862646343318
2 0.41015625 0.9203549692583998 0.0328125 0.034565897540672096
3 0.32890625 0.3503510205862595 0.121875 0.2116465480082102
3 0.50703125 0.47638732152133595 0.090625 0.1645897408266178
3 0.5828125 0.48542195393669746 0.0765625 0.2270079275949012
3 0.64375 0.5467139779408026 0.103125 0.22403746369925487
0 0.61640625 0.6606173966569091 0.0296875 0.0361102168225127
3 0.72109375 0.6924764507152436 0.103125 0.20372496369925486
4 0.72109375 0.41903895071524355 0.0546875 0.18938066256778666
3 0.52265625 0.5467907251121321 0.075 0.14731133723582168
3 0.496875 0.6403907341873184 0.1265625 0.2194863190854491
3 0.5671875 0.6712685503459012 0.1375 0.26486245159900645
3 0.40703125 0.5609617885402404 0.0765625 0.2379454275949012
1 0.678125 0.3484764658405541 0.0453125 0.07526362041330889