6 0.7856838689593806 0.9789894831261737 0.0548783975406721 0.03313066256778683
7 0.8356656882412213 0.9818235916356258 0.0360920361043533 0.02677157825883114
8 0.8926833027026021 0.9838355435292199 0.053252265027114734 0.02218407220870695
4 0.7488353922761146 0.4643775372827038 0.08401242739850953 0.20673178903121964
4 0.0752610160090733 0.6261034368664793 0.09064422247985349 0.2723931504675381
3 0.21142122980652395 0.5870313256265526 0.10315331283893307 0.27402837334017516
0 0.3389109464326449 0.4269200065411035 0.026798849336070064 0.040779536104353475
3 0.30965926278761946 0.4864631781840765 0.10437037919390768 0.21466246369925468
3 0.3820200761175319 0.5368217264868742 0.09201582493918145 0.2395897408266178
3 0.37704168462698406 0.5868489975641131 0.09071694535249045 0.28489315046753827
3 0.4521462237563997 0.5684439103282914 0.1014453670936593 0.24901928298109546
3 0.43334622678146184 0.5771467446372468 0.1125464935570923 0.27720791549465285
3 0.5942524314055303 0.447308732831586 0.07450107201231529 0.183239746876742
3 0.618638832167656 0.5526320370863121 0.0951953670936593 0.24898292154477702
1 0.39653306977282005 0.3250257084346975 0.050454517953980905 0.07841589149054773