8 0.23984375 0.9782921298812788 0.0421875 0.03774543969514994
7 0.28515625 0.9678722594679698 0.03125 0.040806807181592575
2 0.1859375 0.9832932472695255 0.025 0.031395445745273774
5 0.2078125 0.9816034822424108 0.025 0.03452044574527378
7 0.3609375 0.9549313770526083 0.03125 0.04393180718159258
3 0.8890625 0.6674838356836975 0.0921875 0.2099113311856975
3 0.6765625 0.4734076245185255 0.1015625 0.21777837334017516
1 0.6296875 0.25336783529091406 0.0390625 0.06585225897699046
4 0.63828125 0.29941158831597614 0.0515625 0.16592498184962742
3 0.6140625 0.43470873888171024 0.090625 0.2270897408266178
3 0.56640625 0.4670172448336386 0.071875 0.21916815651766247
3 0.5296875 0.5055121182720097 0.0734375 0.20667724687674216
3 0.5140625 0.6501342718628058 0.0953125 0.2161795119038567
3 0.4890625 0.7416859676080796 0.0921875 0.2239738311856975
4 0.69296875 0.7537809257481896 0.0828125 0.20516928903121984
3 0.2859375 0.44989896428842996 0.065625 0.18944429508134403
3 0.240625 0.4509438347017388 0.0859375 0.20674996974937904
4 0.078125 0.4190767320460191 0.09375 0.175545421544777
4 0.12890625 0.6625312953759316 0.09375 0.23335792154477702