2 0.15565144386541527 0.99140625 0.028324994668999893 0.0171875
5 0.17987019386541528 0.99140625 0.023637494668999892 0.0171875
8 0.21043894119991524 0.9828125 0.04414998933799978 0.034375
7 0.25422530386700615 0.9796875 0.028597714672181595 0.040625
7 0.3340582545353697 0.9671875 0.03337612133990877 0.0484375
0 0.5770933759150493 0.62578125 0.027017033338636053 0.0390625
4 0.7001212485678228 0.728125 0.11052151869827131 0.2328125
4 0.6370165526336834 0.24296875 0.0627919960216353 0.159375
1 0.6336102893061831 0.2 0.04618520401018138 0.075
4 0.05103250461491147 0.38125 0.08493971602481705 0.1828125
3 0.17644958060154844 0.4796875 0.10432606269890762 0.2375
3 0.3077632152689575 0.47421875 0.09782152402927143 0.215625
3 0.5344791619191855 0.5953125 0.12249426002545327 0.1875
3 0.6187819839274579 0.534375 0.09449652936027153 0.1984375
3 0.6406388025939125 0.5359375 0.08417719470081657 0.2515625
3 0.5311387226289108 0.278125 0.07080449069063519 0.1765625
3 0.5144597526257291 0.3015625 0.1034897213558171 0.165625
3 0.47659612595482026 0.3328125 0.10848630402608972 0.1921875
3 0.5200006806174569 0.3625 0.08813744135899881 0.1890625