2 0.9703125 0.9243951129884426 0.059375 0.03784543364502539
5 0.83359375 0.9384434565689761 0.0328125 0.042378397540672096
7 0.875 0.837121851084586 0.0421875 0.06118293969514994
7 0.928125 0.831180923293293 0.04375 0.05806703005422946
4 0.4671875 0.7730305173648058 0.0734375 0.22230224687674216
4 0.2375 0.3779442345801019 0.059375 0.1940954336450255
0 0.18828125 0.14562663826909394 0.0203125 0.037618174668035034
1 0.2890625 0.26730671642972925 0.04375 0.06900453005422928
3 0.82578125 0.38371050477357793 0.0796875 0.22077610831306052
3 0.56015625 0.682165143730043 0.11875 0.3022533672900508
3 0.44921875 0.5565197282353902 0.0625 0.27380111436318477
3 0.415625 0.4688242855151783 0.0609375 0.2487920240041051
3 0.378125 0.5646998668972675 0.071875 0.2847931565176623
3 0.35703125 0.5153583970496927 0.053125 0.254996572208707
3 0.31875 0.44716693325224205 0.071875 0.2472931565176623
3 0.22890625 0.465394237605164 0.0609375 0.2425420240041051