2 0.880396926140973 0.9471895164018568 0.023628397540672096 0.032948855386194256
5 0.8561690857818934 0.9488929169675909 0.02048521682251305 0.029805674668035208
8 0.8233838568591322 0.9443963145082627 0.031486349336070064 0.040806807181592575
7 0.7780804472182118 0.9430974349215717 0.022129530054229286 0.04387726502711473
7 0.6968440827568313 0.9412263835937118 0.026826120413308986 0.0454670361043533
3 0.20061449825148414 0.8331796177810302 0.10026466217500314 0.31463519262201595
3 0.2993666574014252 0.509959765518094 0.07521921037960508 0.30667724687674197
3 0.32355359114464655 0.5152876149523599 0.08632942720211786 0.33642837939029935
3 0.24922121165615133 0.5352506570086417 0.10177262002052548 0.30526928298109546
3 0.3791177899149826 0.49855865720503345 0.09551352966144586 0.303670421544777
3 0.4801797992847564 0.7182757386853186 0.09759418012898405 0.3927420119038567
3 0.6736076124182772 0.6382468293389858 0.10650557181592361 0.3131090540583344
3 0.7914996152469476 0.5164713024080144 0.07512830678880889 0.29105224687674197
3 0.8670207482514842 0.8293025796335733 0.13630215612487895 0.33203177088084707
4 0.32109270823830577 0.26687284085005897 0.05135446350286301 0.23310339149054773
4 0.3354798567609364 0.8823933017206433 0.08411242134838534 0.22391928903121966
1 0.356598937062871 0.20651205777076753 0.04586701190385671 0.0955761204133089
0 0.3613682502945876 0.1924222866935287 0.01896816861791084 0.03760908430895542