6 0.58804400165032 0.9026094539366973 0.0954943071815924 0.03180451190385654
6 0.3128712848278073 0.8713220507386847 0.039217036104353474 0.02678975897699054
7 0.4967059293434171 0.9137964179305398 0.047211343285945874 0.058085210772388506
7 0.3716286612912404 0.8997879392041703 0.05190793364502548 0.059674981849627426
8 0.43641332395722293 0.8900089391059745 0.05177157825883114 0.03623748184962707
5 0.4483320618569745 0.9244521167990716 0.02362839754067192 0.032948855386194256
2 0.420193426318355 0.9219447403356383 0.0314227168225127 0.029869307181592576
4 0.4670815409761273 0.7901907462875668 0.059965873340175155 0.1019079336450254
4 0.7710634963857628 0.402128706667172 0.06396354781181834 0.2519261143631848
4 0.04870618647369585 0.18074600595192833 0.05757719242562419 0.22845225292686622
3 0.2709822040348933 0.5195277465821544 0.13895445745273882 0.2507999515990065
3 0.248970848648699 0.49596298155503976 0.12016809601642038 0.24444086729005096
3 0.43460382161953176 0.44470098428551436 0.09348742134838535 0.2239738311856975
3 0.4921208849494443 0.3942560775714602 0.1420794574527388 0.2508181323171656
3 0.5200317406302262 0.2233304992144331 0.06684310811666876 0.20975679508134393
3 0.5189828459182244 0.31160265885535343 0.07630901170746504 0.22543633723582168
3 0.621082197984769 0.5387514870159889 0.08447603571156996 0.28641928903121966
3 0.5400640021412993 0.5781225383438487 0.09532263212077385 0.270857921544777
3 0.44099121876742037 0.7369157553627532 0.07926129488495234 0.1957670179539809
1 0.6294431020665445 0.23021682435000632 0.052062469749379045 0.08623748184962743
0 0.4424435926967707 0.4494339360809124 0.023628397540672096 0.032948855386194256