7 0.33248666386859693 0.9699686289975158 0.02707157733927241 0.0439045361043533
7 0.254261666534097 0.978077796495679 0.02707157733927241 0.043844407008641895
5 0.17683610053314253 0.9845002528777684 0.022238626670908878 0.030999494244463223
2 0.1518361005331425 0.9840300872358216 0.026944308004454333 0.031939825528356634
8 0.20734121320023338 0.9817414002711466 0.042605670671545234 0.03618293969514994
1 0.6125518072883657 0.3348361466569092 0.04146134134309047 0.07211134933607007
4 0.6511325019494114 0.3764696556338996 0.05034654002227175 0.1643443011314682
4 0.5981849365452329 0.898071944861511 0.07729084802672617 0.19731133723582167
4 0.039867190603139285 0.4682323704133089 0.059903353357726154 0.18002384328594587
3 0.027668824634001506 0.5892397620020525 0.05533764926800301 0.21597952400410508
3 0.3956092079487751 0.3796708819243821 0.07387494668999892 0.17229315651766247
3 0.4896864719525931 0.3520913034691592 0.06920562802354446 0.17382838544042353
3 0.503775149268003 0.4842134570599554 0.081814716024817 0.18327610831306043
3 0.5215711765993213 0.499161746189371 0.07285788669636233 0.21915906615858277
3 0.4208439232575035 0.5610799632082755 0.08070674936345305 0.2223295179539809
3 0.5777388132559127 0.573712294295777 0.07596470536281678 0.21761474687674215
3 0.6654928045830948 0.6195383995837755 0.08850106802990787 0.22081246974937904
3 0.6755036039147312 0.6320974869177929 0.0918987880330894 0.24426815046753808