6 0.4050769655459665 0.8703291180756179 0.09553066861791085 0.03805451190385654
8 0.5495354926733296 0.8569882598607531 0.043949987899751616 0.03462953005422946
5 0.5380030950344616 0.8890876875538503 0.025190897540672098 0.032957945745273776
2 0.5661008239572228 0.8842365610904173 0.0298693071815924 0.0314227168225127
7 0.6112996944687277 0.8644416906771083 0.047211343285945874 0.058085210772388506
6 0.6673860680052945 0.8359894377502421 0.0376727168225127 0.029905668617910663
4 0.9435344357863247 0.62890714901361 0.10321694535249044 0.28496587334017515
1 0.5462806232419793 0.16323371468121342 0.05049087939029935 0.08466589149054773
3 0.5978668909013726 0.43559907319066565 0.09369649960721667 0.2599113311856975
3 0.6078054931643089 0.532419531036188 0.09702148750696811 0.29430451190385654
3 0.3638100534691592 0.49165012705260824 0.11407263212077386 0.2709670058537325
3 0.42992190856076584 0.7092416271508041 0.14665787314378348 0.23209540339440443
3 0.08419073116225634 0.5049960513278599 0.1328499031980127 0.27576359016268787
3 0.1618662792686624 0.5615773285534187 0.12510103571157005 0.2866556383672897