4 0.22850277078265124 0.19921875 0.07150333703942993 0.2046875
4 0.9327635447867564 0.26015625 0.09353287314378349 0.23125
3 0.9327135478118184 0.646875 0.13457290437636332 0.2875
3 0.8093952642415477 0.540625 0.10797716822512733 0.296875
3 0.44073110177195696 0.42109375 0.08096924063022612 0.2203125
4 0.24408440251064167 0.72890625 0.07927038524403188 0.196875
0 0.44371065602668314 0.39609375 0.022111349336070063 0.040625
6 0.3039820981577197 0.81875 0.0986102168225127 0.0296875
6 0.5900923149802324 0.8484375 0.040797716822512695 0.0296875
8 0.4603639083643742 0.84140625 0.04395907825883114 0.0359375
5 0.4402332155459665 0.87265625 0.022038626463433176 0.028125
2 0.4699388962641257 0.87578125 0.031413626463433174 0.028125
7 0.3947979956983917 0.8515625 0.05348861436318471 0.0625
7 0.5253349233914888 0.86328125 0.05347952400410509 0.0609375
1 0.32571359318774995 0.12265625 0.05210792154477702 0.09375
3 0.26836119808296494 0.4703125 0.10470672247985346 0.271875
3 0.37707714704969264 0.35703125 0.12191240319801278 0.275
3 0.3848538064942213 0.48515625 0.09689422247985355 0.271875
3 0.4194828156676035 0.39453125 0.06053856596219109 0.2
3 0.4856754422292324 0.3578125 0.10129083098930565 0.221875
3 0.4926663064942213 0.48515625 0.13597490319801278 0.275