3 0.45546875 0.5503060896717086 0.134375 0.21015677088084708
3 0.64140625 0.37873159240218307 0.0859375 0.18956246974937896
3 0.14296875 0.649269267855785 0.1015625 0.20215337334017516
3 0.40703125 0.45939928854024037 0.0890625 0.19739315046753828
3 0.5296875 0.3733941317279904 0.096875 0.21462610226293624
3 0.6640625 0.5960509026088376 0.109375 0.1896988251355733
4 0.9703125 0.4783013629884426 0.059375 0.23003293364502558
4 0.68828125 0.7485355531745717 0.1546875 0.2540249455488823
3 0.1578125 0.4149806262670414 0.078125 0.2035795179539809
3 0.65078125 0.5834736345566608 0.11875 0.19444086729005097
3 0.62890625 0.2864713695295461 0.053125 0.10968407220870695
3 0.45 0.2893367734149299 0.0828125 0.19423178903121974
4 0.3 0.33768284894328665 0.08125 0.19734769867214014
0 0.63828125 0.5982446616840239 0.0265625 0.03452953610435365
1 0.63515625 0.21228898096586463 0.0390625 0.06585225897699046
8 0.84453125 0.7791320890825334 0.0515625 0.04248748184962743
2 0.90234375 0.7716559323684793 0.053125 0.04405907220870695
7 0.9203125 0.8155104714978949 0.034375 0.043949987899751616
7 0.796875 0.835886083130605 0.034375 0.04238748789975162
5 0.7859375 0.7920724506170478 0.0359375 0.04239657825883114