7 0.5823838107892672 0.9064520714231401 0.0491829346753633 0.06434430113146802
7 0.45975483278958523 0.9080822282353902 0.047511346674090585 0.05496021077238851
6 0.39627358812058533 0.8905265686926654 0.03782726400381797 0.028343168617910662
6 0.6711645001193127 0.8827514718906784 0.09723862667090888 0.03181360226293606
8 0.5197019974538126 0.8904634570599554 0.05199885200509069 0.03779998184962707
5 0.5372803961250397 0.9241572010098313 0.02538180800445424 0.032957945745273776
2 0.5099366461250396 0.9239981197259379 0.02848862667090888 0.031413626463433174
3 0.6613947700509067 0.37882249599297924 0.0976397106938169 0.2005545119038567
3 0.47112485339749705 0.475365177005726 0.07054995202099903 0.15508747579950324
3 0.39610667206395156 0.47336633976990444 0.047876068029907695 0.22057612041330898
3 0.3279475654041786 0.5237476139704013 0.07592834269572588 0.21448974687674216
0 0.34023048408654144 0.6394362464839587 0.02538180800445433 0.032957945745273776
3 0.2333810474219959 0.6544385568870048 0.07881698535963517 0.19419542759490122
4 0.26853510805217945 0.3859112706844554 0.03185107869190791 0.1861102168225127
4 0.985997684018931 0.3721286310406194 0.02800463196213805 0.1751727168225128
3 0.44768790073995113 0.542411776439992 0.05788632001909004 0.14095225292686617
3 0.46050662141945053 0.6370112041330891 0.09927493602799871 0.20681360226293624
3 0.3873145694223141 0.6576777072563471 0.10605219470081657 0.2521624636992549
3 0.5581986867440873 0.573521396755105 0.046459018698271314 0.2330670300542293
1 0.3201606953771344 0.3244970477136226 0.03675566000954502 0.07052157825883124