7 0.7093849893726896 0.9341224107210749 0.018986349336070064 0.04073408430895533
7 0.7882912393726895 0.9336633475875542 0.012736349336070063 0.040697722872636885
5 0.8656395345522293 0.9324321248131131 0.018913626463433177 0.028234084308955333
2 0.8890724893726896 0.9330770194269189 0.0220658975406721 0.03293976502711473
8 0.8343895345522295 0.9326139319947053 0.03768180718159257 0.031468168617910665
4 0.5986065706565828 0.9074240762157277 0.06353630093507653 0.1784886143631848
4 0.3268563740275462 0.35043022941374047 0.05265334308955412 0.18779998184962735
3 0.8141791120254936 0.37806278738089977 0.05444310206654457 0.22687157220870696
3 0.5347819826351943 0.4640604164766115 0.06073855386194253 0.2347204336450254
0 0.25057060909862744 0.437589861829102 0.017369307181592398 0.03134999394987581
3 0.23240187119887584 0.4720694009585175 0.05770445745273882 0.2503272529268662
3 0.4491075821676561 0.5536183410464506 0.057913535711569965 0.2862647529268664
3 0.594369564311871 0.6957371424725064 0.05310786104353511 0.26592498184962743
3 0.6710189436039746 0.546077510057145 0.07320219242562409 0.22854315651766227
3 0.8499196066627406 0.8145588235834491 0.09089875253408267 0.3161431504675381
1 0.35861543413600483 0.2627484222321481 0.03793633723582168 0.07521816861791084