3 0.2734375 0.7890625 0.1046875 0.271875
0 0.80390625 0.61328125 0.0203125 0.0296875
3 0.8046875 0.40078125 0.084375 0.1796875
4 0.8171875 0.34609375 0.0546875 0.184375
4 0.5171875 0.88515625 0.090625 0.2296875
4 0.30703125 0.465625 0.0609375 0.171875
3 0.5296875 0.3375 0.090625 0.1828125
3 0.52890625 0.459375 0.0796875 0.19375
3 0.70078125 0.5421875 0.10625 0.2
3 0.80703125 0.60859375 0.1 0.2328125
3 0.7390625 0.82578125 0.1375 0.271875
3 0.634375 0.61640625 0.096875 0.196875
3 0.56328125 0.6984375 0.1015625 0.24375
3 0.41015625 0.58984375 0.1015625 0.23125
1 0.3453125 0.35625 0.0421875 0.0625