8 0.8826979714978949 0.9203125 0.04239657825883114 0.0359375
7 0.8350508118569744 0.921875 0.031486349336070064 0.040625
2 0.9373445648820364 0.91328125 0.025190897540672098 0.0328125
5 0.9154968359592754 0.91796875 0.023646578258831142 0.0359375
7 0.756962173293293 0.928125 0.025254530054229285 0.04375
4 0.4137207125209044 0.88125 0.09044423458010194 0.2375
3 0.31571448369633914 0.82109375 0.11116580073868469 0.3078125
4 0.32128568930236623 0.3015625 0.05424311416679295 0.1921875
1 0.3482385538619427 0.234375 0.04568520472226432 0.0640625
0 0.37198512607064965 0.2875 0.022074987899751618 0.034375
3 0.369755526439992 0.44140625 0.0639362767345796 0.246875
3 0.3870430203898678 0.45859375 0.08136012607064966 0.2875
3 0.46567305619963373 0.6796875 0.114281710379605 0.30625
3 0.4677572100850174 0.50078125 0.06402718032537572 0.2625
3 0.4822509812604522 0.440625 0.09376013212077386 0.2703125
3 0.5388009631100796 0.4921875 0.10435219847574846 0.2109375
3 0.5827453640685971 0.25703125 0.07950673458010193 0.2375
3 0.6124339058302913 0.52578125 0.09528627068445542 0.2640625