3 0.2171875 0.77890625 0.1328125 0.4109375
3 0.25625 0.8390625 0.065625 0.2921875
3 0.33984375 0.72421875 0.2328125 0.5421875
3 0.3875 0.73203125 0.315625 0.5359375
3 0.6984375 0.79921875 0.1875 0.4015625
3 0.75 0.87265625 0.075 0.2546875
7 0.5015625 0.88125 0.0390625 0.0609375
7 0.44609375 0.87578125 0.0328125 0.0578125
2 0.496875 0.82265625 0.090625 0.0328125
8 0.425 0.81875 0.034375 0.03125
1 0.1625 0.0984375 0.121875 0.196875
1 0.59921875 0.7765625 0.0203125 0.040625
0 0.290625 0.83359375 0.078125 0.1375