6 0.3875 0.8662277207192703 0.0921875 0.030760198679181273
6 0.65078125 0.8403850254216778 0.0375 0.025436352005090868
7 0.475 0.8781833753978152 0.04375 0.05519657733927232
7 0.59453125 0.8670742474140418 0.0484375 0.05837612133990859
8 0.53203125 0.856971994072224 0.0484375 0.03493862133990859
5 0.52109375 0.8896572247374058 0.021875 0.031504538669636165
2 0.54765625 0.8868413074076784 0.0296875 0.028470445337363516
0 0.55 0.17202482940799654 0.0234375 0.034647720003181705
1 0.54609375 0.16260437607413297 0.0421875 0.05674089600572705
3 0.603125 0.33670549474854167 0.103125 0.27776246801399934
3 0.565625 0.340175392743451 0.08125 0.3493829293443632
3 0.6609375 0.49128445408972315 0.075 0.23837270401018137
4 0.05078125 0.26309089334022695 0.0578125 0.21473520934118148
4 0.76015625 0.4400952187698589 0.0609375 0.23664657200827222
4 0.475 0.7547458753978151 0.06875 0.11642497867599957
3 0.009375 0.4946403380012727 0.01875 0.24553067600254544
3 0.2453125 0.6856669693666347 0.103125 0.28869996801399933
3 0.315625 0.28101637937617985 0.0765625 0.21182838534372675
3 0.35625 0.44711409404836144 0.0734375 0.25554202267663584
3 0.38515625 0.6177629487189521 0.0828125 0.29158861067790853
3 0.4984375 0.4315810954009969 0.08125 0.2306329293443632
3 0.53984375 0.4500316507399512 0.0875 0.249455654678545