6 0.315221898915414 0.875 0.0939227168225127 0.0296875
6 0.5893088387087596 0.89765625 0.03764544574527377 0.025
7 0.40333497727244116 0.90390625 0.04563975292686635 0.05625
7 0.5274946399384236 0.9140625 0.047211343285945874 0.0578125
8 0.46589860978599845 0.89296875 0.04238748789975162 0.034375
5 0.4477571429634857 0.92265625 0.015779536104353654 0.0265625
2 0.47664521224532647 0.92578125 0.022038626463433176 0.028125
1 0.3976693646577723 0.13203125 0.042651108313060605 0.0796875
4 0.05733823868531851 0.484375 0.07340218032537578 0.2625
4 0.608172989078102 0.74375 0.0762544695529872 0.215625
4 0.7660512051150479 0.1953125 0.06373628883482815 0.2125
3 0.26455532016560357 0.58671875 0.0813873971478885 0.2921875
3 0.2991666695016736 0.54609375 0.12653627068445542 0.2640625
3 0.4058530067374953 0.47109375 0.0983112767345796 0.246875
3 0.4286228862259905 0.4515625 0.07356580678880889 0.290625
3 0.6269659792173488 0.19921875 0.06831470452587265 0.19375
3 0.6093461662802198 0.4078125 0.12937037919390768 0.2140625
3 0.6177394074996211 0.5765625 0.09990104781181852 0.2515625
3 0.7243439315037261 0.515625 0.08258628278470379 0.2296875
3 0.7554530309379921 0.53984375 0.12654536104353512 0.265625
3 0.9519927294137405 0.32890625 0.07788060206654457 0.2265625