3 0.4264422418085765 0.5578125 0.14347833098930565 0.221875
3 0.6809120940715128 0.4609375 0.09179765632127079 0.2015625
3 0.07814564237431054 0.53359375 0.11062946955298725 0.215625
3 0.4161365217646099 0.44921875 0.09653060811666876 0.209375
3 0.572600145202981 0.4125 0.10445219242562409 0.228125
3 0.6147593323640479 0.6859375 0.1183601563212708 0.2015625
4 0.9623883112868089 0.690625 0.057640824939181455 0.2390625
4 0.5771088205583871 0.84609375 0.16720672247985355 0.271875
3 0.18805749444085512 0.30703125 0.0840760599120669 0.2171875
3 0.6078326214934634 0.66796875 0.12776242739850954 0.20625
3 0.7064620607958296 0.36640625 0.05849427693097127 0.1171875
3 0.5271745365953329 0.29765625 0.08869992739850954 0.20625
4 0.36005066910889016 0.28671875 0.08715560811666875 0.209375
0 0.5898047841594459 0.678125 0.028343168617910842 0.0375
1 0.7428131721339521 0.2953125 0.04259656615858276 0.0703125
8 0.7195412393726895 0.93828125 0.05495112041330898 0.0453125
2 0.7796111309614332 0.953125 0.056522710772388504 0.046875
7 0.7793975075230621 0.98984375 0.03605567466803503 0.0203125
7 0.6490105707547787 0.97578125 0.03776362041330898 0.0453125
5 0.6555423718862469 0.92734375 0.03775453005422928 0.04375