6 0.40983041696759087 0.8641322403356385 0.09711134933607006 0.04118860226293641
7 0.5035667814289714 0.8670214118804156 0.0362920240041051 0.061146578258831144
5 0.5527491699926529 0.8735577581914236 0.02674430718159222 0.031404536104353654
2 0.5816872362494315 0.8682571798343964 0.026726126463433177 0.02827953610435365
8 0.5615474530719442 0.8384515051663615 0.05491475897699054 0.039380662567786474
7 0.627935522353785 0.8419628454272452 0.050363614363184796 0.06279089149054755
6 0.6836178957921561 0.8055668031745716 0.040806807181592394 0.031486349336070064
1 0.2066352984991895 0.20355276775758915 0.05516928903121974 0.08313066256778665
4 0.14820919926131532 0.3086851744716433 0.09346015027114647 0.2192863311856975
3 0.2844234343323965 0.39619933089110987 0.13273172852997775 0.25545109016268797
3 0.279018837726801 0.2508504694547914 0.08714651775758915 0.20831246974937895
3 0.3429717325369984 0.40435271935659556 0.10146354781181843 0.2521442829810955
4 0.5395911607210749 0.7180071949597069 0.08365790339440445 0.14579428903121966
3 0.3558252147794093 0.6122470325883121 0.11073855386194272 0.2350113251355733
3 0.3708729769778535 0.7115566861791083 0.09817492134838535 0.2240011022629364
3 0.5125125937769252 0.2693969781371942 0.15123628883482815 0.21337267447164326
3 0.6258705909482549 0.3911543243500063 0.09660333098930565 0.2224295119038567
4 0.7633398164531704 0.12866393558993308 0.09186128883482816 0.21302724082661784
3 0.8347319856602564 0.4806536824666751 0.12033172247985355 0.27256586729005094
3 0.701220048891973 0.4658139567653678 0.10307149960721648 0.2599658733401752
0 0.726793262394836 0.23314235733110186 0.022074987899751618 0.03450226502711464
3 0.7469239552132436 0.2645105319991369 0.10762264422102223 0.236555644417414