4 0.29921875 0.6677904462362532 0.06875 0.17539997579950323
3 0.17734375 0.4966244942444634 0.090625 0.24427724082661778
3 0.0421875 0.5622545603048503 0.084375 0.26611587939029935
3 0.59453125 0.3270098683702055 0.0703125 0.15822156615858277
3 0.6109375 0.35972691959986947 0.0796875 0.21296360831306052
3 0.6109375 0.4737894195998694 0.146875 0.21647949375348413
3 0.72890625 0.43325934748935835 0.078125 0.2004545179539809
3 0.86328125 0.5645088266085112 0.10625 0.2303056444174139
0 0.61484375 0.30579794370217045 0.0265625 0.039217036104353474
3 0.51484375 0.535285976683266 0.06875 0.35664997579950325
3 0.50625 0.45252347365820383 0.1015625 0.23652837334017515
3 0.45078125 0.6426899314055303 0.0890625 0.3161431504675381
1 0.85703125 0.11376393804482968 0.0375 0.06584316861791084