6 0.2546875 0.809375 0.1046875 0.040625
8 0.4125 0.83203125 0.0484375 0.0375
5 0.39296875 0.86328125 0.0265625 0.034375
2 0.4234375 0.865625 0.03125 0.034375
7 0.47734375 0.85546875 0.05 0.0625
6 0.54375 0.8390625 0.040625 0.03125
4 0.89296875 0.6875 0.10625 0.3125
1 0.5859375 0.08671875 0.053125 0.09375
3 0.57265625 0.39140625 0.096875 0.2859375
3 0.5578125 0.49921875 0.1 0.3234375
3 0.30625 0.3921875 0.11875 0.296875
3 0.32265625 0.6421875 0.15625 0.2515625
3 0.0359375 0.3375 0.071875 0.2953125
3 0.07265625 0.41640625 0.13125 0.3140625