4 0.866793632022578 0.3301247362494316 0.06534424063022612 0.22068520472226433
4 0.5605270139469601 0.731920082167656 0.06966812626704133 0.15821247579950323
4 0.1393084605759968 0.17575800322145385 0.06376355991206686 0.2175511143631847
0 0.2197595507386847 0.30654439490839336 0.025236349336070062 0.040770445745273866
3 0.348869812937129 0.20657114510478505 0.057359023807713426 0.19095225292686627
3 0.20259529751723085 0.44493018403780893 0.08140557786604781 0.2957761083130606
3 0.29963392398066396 0.47249158177487266 0.09202491529826115 0.2411522408266178
3 0.3598356257760621 0.4799541029503073 0.07360216822512733 0.29729315651766247
3 0.4043299934588965 0.3390654825369984 0.06701582493918146 0.23944429508134402
3 0.5469578549934109 0.27963996468121344 0.08256810206654457 0.22703519867214011
3 0.6873374152982612 0.2366343323640478 0.06331813231716552 0.14098861436318472
3 0.6818646409995684 0.37026444380036627 0.0764453670936593 0.24887383723582168
3 0.8071333274732643 0.5500105102535366 0.09359650565734086 0.2427238311856975
3 0.759014510921898 0.7393593565645447 0.10762264422102241 0.2365556444174139
1 0.7440232316532356 0.1769275342576418 0.0457761083130606 0.0799511204133089
6 0.6425678751868868 0.8673848834955159 0.09703862646343317 0.02868860226293606
6 0.35882413426207316 0.8432535336684666 0.0392352168225127 0.02991475897699054
8 0.48549117339148873 0.8604859645830174 0.04238748789975162 0.03462043969514994
5 0.5005303661117007 0.8939933561717612 0.022038626463433176 0.028252265027114733
2 0.4700525257526209 0.8926081181738137 0.029842036104353653 0.026735216822512696
7 0.5481184384186035 0.8819973502198328 0.05347952400410509 0.061246572208706954
7 0.4191394655459665 0.8702473048439014 0.05347952400410509 0.06124657220870731