3 0.6044764809658647 0.63515625 0.12617265632127078 0.2015625
3 0.3792032493126289 0.45390625 0.10139991529826116 0.240625
0 0.3688338967551051 0.5515625 0.026798849336070064 0.040625
3 0.34889358059652226 0.48125 0.0904078731437834 0.23125
3 0.4359350383438487 0.53671875 0.11544423458010193 0.2375
4 0.9093998094210874 0.54140625 0.08116013817089822 0.253125
7 0.7934082125209044 0.88125 0.031504530054229284 0.04375
7 0.8683173089301082 0.865625 0.029932939695149586 0.0421875
8 0.9104502667756306 0.85625 0.04241475897699054 0.0390625
5 0.9401150408779315 0.85234375 0.025190897540672098 0.0328125
2 0.9643019746211529 0.846875 0.02832498789975162 0.034375