8 0.1410985952021424 0.9655199399897374 0.039426126670908876 0.031477258976990184
7 0.18800086720246054 0.9629034792173489 0.02699885200509069 0.0376545361043533
2 0.08644745786923329 0.9627131025575238 0.022220445337363448 0.02981476502711473
5 0.10906734520214241 0.9657062923508694 0.020712489337999785 0.03449317466803521
7 0.264581548536006 0.9608955516224474 0.022347714672181596 0.04075226502711473
4 0.9432023706238202 0.31011624239775165 0.03601132001909022 0.14082498789975162
4 0.6637741212205961 0.8265508052366848 0.05247266136218052 0.21279089149054792
3 0.757433761895323 0.7666349288714475 0.09360673870145284 0.25677724082661796
3 0.7706990199315941 0.49938834153742995 0.06806129869508944 0.209756795081344
3 0.697778593252731 0.5896502480550924 0.05877720536281679 0.21751475292686634
3 0.6258410532702301 0.4611712449318344 0.0711862986950896 0.20977497579950324
3 0.6219535319462297 0.3924485160090733 0.08929995202099902 0.15519656010845856
0 0.5206364799490932 0.37194563934924846 0.015915901336727246 0.025090903590796198
3 0.5504967026177751 0.3569291725267357 0.07358404535327168 0.14729315651766245
3 0.5444172359166402 0.6108536032448949 0.05886811203054414 0.22532725292686634
3 0.44507012189691386 0.756734250687371 0.06366470003181668 0.2347295240041051
3 0.13678819127945702 0.3960523225032946 0.08492153469127159 0.18173178903121973