7 0.7478525917338217 0.90625 0.025245439695149585 0.0421875
7 0.8221167935292197 0.8984375 0.02680793969514994 0.0421875
5 0.8971667905041578 0.88984375 0.020485216822512697 0.0296875
2 0.9198321308632373 0.88828125 0.02519998789975162 0.034375
8 0.8666798597859984 0.89296875 0.03926248789975162 0.034375
0 0.41512905454931365 0.21953125 0.014207945745273776 0.025
3 0.42556658479993476 0.30546875 0.0509999394987581 0.171875
3 0.4057308077707676 0.3578125 0.07142152380771342 0.190625
3 0.2251893348981306 0.3703125 0.0508999455488822 0.1546875
1 0.234178515518094 0.30234375 0.03787270472226432 0.0640625
3 0.294065558163551 0.6171875 0.057549921348385345 0.2234375
3 0.2955957210259252 0.75703125 0.09385103571157005 0.2859375
4 0.38498495307194436 0.83515625 0.07962490924813696 0.2578125
3 0.6121519619507388 0.73125 0.0843124092481368 0.2578125
3 0.542693955704223 0.584375 0.06078400565734086 0.2421875
3 0.5394876633533535 0.4640625 0.08254083098930565 0.221875
3 0.6878751663784156 0.47265625 0.07159424063022612 0.2203125
3 0.6687933682720096 0.5296875 0.06691583098930565 0.221875
3 0.8524371152469474 0.52109375 0.06847833098930564 0.221875
4 0.9388069281840764 0.3125 0.06675220452587283 0.19375