6 0.30480879995311777 0.8283078489432867 0.09552157825883115 0.036492011903856536
6 0.5769292396482675 0.8720770714231401 0.039226126463433174 0.028352258976990542
7 0.3909508330324092 0.8639640686926656 0.048782933645025485 0.059656801131468026
7 0.5137161673413646 0.8834276618804158 0.05504202400410509 0.06125566256778683
8 0.4541911764165508 0.8573009782353902 0.053352258976990544 0.03937157220870695
5 0.4348326432390636 0.8868748487468949 0.02519089754067192 0.032957945745273776
2 0.4614178691367627 0.8909356348512484 0.03143180718159222 0.03143180718159222
4 0.44968041753775634 0.753372002337691 0.06466246369925485 0.10349770472226431
4 0.2532942134046672 0.2991197978118184 0.07645445745273882 0.2504363372358217
4 0.9832806534926004 0.2822803358610796 0.03343869301479927 0.23144998789975163
3 0.7047123094210875 0.5454878212267484 0.14834763817089805 0.25397949375348394
3 0.7319606106507516 0.5292406525106417 0.1311146863754999 0.24606699980360833
3 0.565758372849196 0.4290583244482022 0.10443401170746505 0.22559996369925467
3 0.5224214633064713 0.36552708957351265 0.15147263817089823 0.25399767447164334
3 0.5386135689872532 0.19453333352338847 0.07778060811666876 0.2098204275949013
3 0.5172339935570923 0.27956231849627383 0.08567492134838517 0.22392837939029936
3 0.3628788125443455 0.47006407776785186 0.09852944535249045 0.2849386022629362
3 0.43119299618937096 0.5298345083878152 0.10782263212077385 0.2709306444174139
3 0.48770259230398716 0.7090634661351418 0.08864538524403187 0.19738406010845858
1 0.43067380396013855 0.17203109874689487 0.05519656010845857 0.0878181625677866
0 0.5571828035673552 0.4321333274732643 0.025190897540672098 0.032957945745273956