4 0.3160830213718264 0.18984375 0.09996468032537571 0.2625
3 0.16547799161218474 0.428125 0.1296976321207739 0.2703125
0 0.20818312119887583 0.4734375 0.028397710772388507 0.046875
3 0.7394098744203296 0.61171875 0.15507942720211787 0.3359375
3 0.9179621212970716 0.53828125 0.09403284289316219 0.3171875
6 0.3146497271742453 0.8390625 0.09866475897699037 0.0390625
6 0.5973576880448297 0.85703125 0.040788626463433175 0.028125
7 0.5331861037358742 0.87578125 0.0519261143631848 0.0625
7 0.4051111007108122 0.8671875 0.05348861436318462 0.0625
8 0.4700321187629889 0.85390625 0.054942030054229284 0.04375
5 0.45344860676093635 0.884375 0.02678066861791084 0.0375
2 0.4807605405041577 0.88984375 0.03457498789975162 0.034375