8 0.853187206794994 0.9453125 0.041024989337999786 0.034375
7 0.8047406161282213 0.94453125 0.028597714672181595 0.040625
7 0.724317319462085 0.9484375 0.0301965773392725 0.04375
2 0.9093826627943578 0.940625 0.023801126670908702 0.03125
5 0.886780956794994 0.9453125 0.022293170671545327 0.0359375
4 0.4721457447883125 0.89609375 0.07898061736154424 0.2078125
3 0.2449014447803584 0.8375 0.10677944804263442 0.3140625
0 0.30774196403563475 0.2625 0.022329533338636055 0.0390625
1 0.3240845793682257 0.25703125 0.04149770401018138 0.075
4 0.2550811353834977 0.36953125 0.049147666693180624 0.1953125
3 0.815137935391452 0.428125 0.054435150700180304 0.246875
3 0.7648764954248595 0.67421875 0.07669195870463455 0.2796875
3 0.3569623560629971 0.4640625 0.08225216271481592 0.3546875
3 0.327147586728179 0.453125 0.07449420671545237 0.359375
3 0.3329634240929048 0.684375 0.08348739871099795 0.3265625