4 0.1627385467059073 0.288135283373879 0.06833401869827127 0.23319429508134393
4 0.4338173994270866 0.688147877150804 0.06777039735836254 0.18475679508134385
0 0.5836504833704528 0.270060431601922 0.019222714672181597 0.04073408430895533
3 0.33176017202418073 0.17620693423420067 0.051091974697634865 0.2284068011314681
1 0.27018632535009013 0.12187395823830575 0.03686474801081765 0.07989657825883123
3 0.38376011871417964 0.3477910427436529 0.054326062698907586 0.23779998184962733
3 0.33204471940640573 0.5363859101318997 0.060812420034998385 0.2581488432859459
3 0.5003674580680878 0.498685401351301 0.0799805907065437 0.2941954275949012
3 0.6070345340547247 0.3996206665748073 0.06862492003499839 0.258194295081344
3 0.6620680267345423 0.49618204918656056 0.09389764003818009 0.2817772408266178
3 0.6867402153882702 0.4007195582617468 0.07151356269890777 0.23789997579950323
3 0.7394823126989076 0.23321389569396023 0.08243288136536223 0.23640110831306052
3 0.8160811753659984 0.23589346809905898 0.08735673870145284 0.2567408793902993
3 0.9162919027291334 0.4548565706565829 0.0623385573679073 0.2550329336450254
4 0.8797522293523172 0.13473496819725483 0.058595392027362435 0.20188975292686623
6 0.4083099641151765 0.8461194584346975 0.10354317067154514 0.036537463699254855
6 0.6956736041135857 0.8327280823640478 0.03937158267027261 0.02678975897699054
7 0.5022326867838582 0.8604177868899203 0.024110209341181486 0.05794885538619425
7 0.6334554147835401 0.8573104467272324 0.04763861600890866 0.06589771077238851
8 0.5677122361154947 0.8475359918085765 0.05512385200509069 0.03781816256778647
5 0.5516605221196309 0.8781001905789125 0.02699885200509069 0.0376545361043533
2 0.5813389314528582 0.8771462237563998 0.026980670671545325 0.0360920361043533