6 0.4256650465468237 0.8828125 0.09740225867281786 0.0453125
8 0.572821857216778 0.85859375 0.04731135200509069 0.0375
5 0.563055958545551 0.8921875 0.026944308004454243 0.0328125
2 0.59124459321296 0.88671875 0.03319430800445424 0.0328125
7 0.6368298132161417 0.86328125 0.05227157200827222 0.0609375
6 0.6911178712205961 0.83046875 0.039426126670909056 0.03125
4 0.9469155272517765 0.60078125 0.09558740937299817 0.2921875
1 0.5325932293125464 0.153125 0.057286336012090364 0.0890625
3 0.5997239959420936 0.4265625 0.11246582670272573 0.265625
3 0.6149848219287305 0.525 0.12069649737427071 0.3015625
3 0.3629319732654577 0.5 0.13604877737108917 0.278125
3 0.44322635856941356 0.71640625 0.1652999253659985 0.240625
3 0.07896550592777604 0.53203125 0.1548896840388164 0.2859375
3 0.16195018125400368 0.584375 0.14874877204008907 0.2953125