2 0.1965940978821418 0.98828125 0.026698855386194254 0.0234375
5 0.2192503478821418 0.98828125 0.022011355386194253 0.0234375
8 0.2482020496775399 0.98046875 0.04241475897699045 0.0390625
7 0.29042136593431855 0.975 0.039307939695149674 0.0421875
7 0.3670702243455749 0.96015625 0.042460210772388506 0.046875
0 0.5229359676080796 0.4890625 0.02836134933607006 0.040625
4 0.7858773709042882 0.27890625 0.09181583703942983 0.2046875
4 0.26974785597536943 0.365625 0.08097833098930565 0.221875
4 0.578434971222317 0.88671875 0.08084197560311139 0.1984375
3 0.3273497150739969 0.8046875 0.11240104781181844 0.2515625
3 0.42701843784843796 0.72734375 0.15174534894328656 0.3
3 0.48417240769601283 0.70625 0.10946694535249044 0.284375
3 0.3498979225267357 0.5546875 0.12177604781181853 0.2515625
3 0.4554631630587659 0.26953125 0.08251355991206673 0.2171875
3 0.4534370547457055 0.34921875 0.10441583098930565 0.221875
3 0.46360187422393795 0.48203125 0.10761355386194271 0.234375
3 0.5276461935057787 0.48515625 0.10583288524403187 0.196875
3 0.7359217809379921 0.53984375 0.11872377068445542 0.2640625
3 0.8974950851927183 0.56484375 0.12666353571157032 0.2859375