7 0.33313155386700616 0.9776830758229444 0.027035214672181597 0.040779536104353295
7 0.25653269119991523 0.9812535034178456 0.026962489337999784 0.034529536104353296
5 0.177535534532188 0.9895250665513663 0.022093176002545345 0.01887726502711473
2 0.154879284532188 0.9896568767580206 0.026780676002545346 0.018904536104353296
8 0.2096031471992789 0.9862137141902341 0.04247840133672716 0.025245439695149585
3 0.23275193523236828 0.7423455395221991 0.0841590133672712 0.2504726986721401
0 0.7358053045830948 0.6113025342576417 0.019059082670272433 0.02667158430895533
3 0.7529217212762754 0.4159036758463854 0.07067722135581711 0.16602497579950323
4 0.7699188646165023 0.3650269770760494 0.04104426535645338 0.17053975897699036
4 0.4502746952180507 0.8465416392510526 0.07276698002863498 0.21134656615858277
4 0.2869876386060028 0.4451751028521114 0.0471669960216353 0.15963862041330898
3 0.5030313566200022 0.34080017847866406 0.07536472135581711 0.16605224687674197
3 0.49391889127150285 0.4525643802740621 0.06457267202418074 0.1784886143631848
3 0.6467978959261853 0.5399502299047197 0.089627216024817 0.18332156010845857
3 0.7397479172501857 0.6081548083599427 0.08217834269572606 0.2145261083130606
3 0.6609036598902323 0.804693985954844 0.11382833203372585 0.24908291549465283
3 0.578864961250822 0.6044036153451433 0.0802158533577261 0.18014201795398072
3 0.5077252105745043 0.6759064315037261 0.08230561203054414 0.22546360831306062
3 0.3738507445894581 0.5665364975641131 0.08372266136218051 0.21297269867214014
1 0.3318830626193658 0.3464830727978822 0.036592028007635946 0.05645907825883114