7 0.682763402038672 0.9484375 0.034647710772388506 0.046875
7 0.768678176140973 0.95234375 0.034647710772388506 0.046875
5 0.8499009050637341 0.95703125 0.022056807181592576 0.03125
2 0.8756776098841943 0.9578125 0.02677157825883114 0.0359375
8 0.8171020406023537 0.9546875 0.039280668617910665 0.0375
4 0.24247474532461794 0.890625 0.08395788524403187 0.196875
0 0.8805348441697086 0.52578125 0.02522725897699054 0.0390625
3 0.9060519528755526 0.70546875 0.09394193930236625 0.3015625
4 0.9212921752572102 0.36875 0.055878337039429835 0.2046875
3 0.7804217355620606 0.4109375 0.08592945140261463 0.2671875
3 0.6981768621236896 0.44765625 0.0858021863754999 0.2453125
3 0.5318302203385541 0.303125 0.10274424668035032 0.203125
3 0.42378591618202394 0.34296875 0.0686237767345796 0.246875
3 0.28561270872928507 0.59296875 0.09411465612487895 0.33125
3 0.3336371182720096 0.5296875 0.0844214935570923 0.2765625
3 0.46385588339732015 0.57265625 0.07673625858420685 0.2984375
3 0.609617314410067 0.7640625 0.14557716217500313 0.3140625
3 0.12845873888171022 0.6140625 0.06728853571157005 0.2859375
1 0.2485773588040398 0.24453125 0.04892837939029935 0.084375
4 0.15732966920708602 0.3515625 0.06545332493918155 0.2390625