7 0.7344577122453264 0.921476964975801 0.023682939695149584 0.04232385538619425
7 0.8133957785021051 0.9155491518422803 0.020557939695149584 0.04230567466803521
5 0.8899855495793441 0.9104162242473791 0.020485216822512697 0.029805674668035208
2 0.9134230495793441 0.9102798688611848 0.02519998789975162 0.03452044574527378
8 0.8579406640407246 0.9129463266085113 0.04082498789975162 0.03461134933607006
1 0.633442717313492 0.29083601903413536 0.03787270472226432 0.06428066861791085
4 0.6439393348981306 0.36655363652057804 0.04159766842151917 0.16742384933607007
3 0.01318528034881689 0.4092931867682834 0.02637056069763378 0.21578862646343316
3 0.005604063624500017 0.5187090933841417 0.011208127249000034 0.056331813231716585
3 0.039179632906340786 0.61773240066393 0.07835926581268157 0.24266019867214011
3 0.1925929199926529 0.8691625695764283 0.12330218637549999 0.2460215480082102
4 0.2000872574248663 0.9238046177810304 0.08368517447164328 0.15048178903121964
0 0.7301944765850701 0.44573662159165933 0.014217036104353476 0.02664431323171641
3 0.7472547115579554 0.46751162764178356 0.05436128883482798 0.21280907220870696
3 0.5641195038106289 0.5240439496540987 0.0623646863754999 0.2456670240041051
3 0.5913087177062755 0.5504473683702055 0.06541696350286301 0.2331852047222643