4 0.803125 0.3195161945669235 0.071875 0.21135565651766247
4 0.60234375 0.7558480834251926 0.0734375 0.151989746876742
4 0.09296875 0.32319712636523723 0.0703125 0.20822156615858275
0 0.19453125 0.42847549970541243 0.025 0.040770445745273956
3 0.29453125 0.30952603268650797 0.0625 0.18317611436318462
3 0.2078125 0.5621465177575892 0.0890625 0.2817681504675383
3 0.3046875 0.5673976200205255 0.0984375 0.23182269262201594
3 0.36171875 0.5614794181269316 0.0828125 0.28485678903121964
3 0.37421875 0.42170839099956847 0.0734375 0.230114746876742
3 0.49453125 0.337252098648699 0.0890625 0.21926815046753817
3 0.61640625 0.2684298966569092 0.065625 0.13631929508134394
3 0.6390625 0.39434295686356363 0.0828125 0.23798178903121983
3 0.79375 0.5358679024124458 0.1 0.23339428298109546
3 0.78828125 0.7217735861556671 0.1125 0.22877950585373252
1 0.65703125 0.20069749599297926 0.0453125 0.0783886204133089
6 0.70703125 0.8650508874835271 0.09375 0.03179542154477701
6 0.43671875 0.9009782553627531 0.0390625 0.029914758976990186
8 0.559375 0.8907543485505031 0.0421875 0.03462043969514994
5 0.5796875 0.9197787732185383 0.021875 0.028252265027114733
2 0.5515625 0.923521396755105 0.0296875 0.026735216822512696
7 0.621875 0.8981492129136879 0.053125 0.061246572208706954
7 0.4984375 0.9130560745463981 0.053125 0.06124657220870731