4 0.7156351321207739 0.2661582059006147 0.0983112767345796 0.24743860226293624
3 0.8201645925985748 0.50696449220136 0.12491922852997775 0.2554056383672897
0 0.7742753756778662 0.5423889077942087 0.026817030054229286 0.04390453610435348
3 0.2628520623479538 0.5961472503927834 0.15027375253408276 0.31648858411256364
3 0.10761914080317672 0.5032971959416657 0.09391466822512737 0.2974113311856975
6 0.6214604896482674 0.8651638533430909 0.09240566861791084 0.03803633118569749
6 0.35803833908253335 0.8424768288480063 0.03765453610435347 0.026780668617910664
7 0.4144428751868869 0.8687120759211402 0.048782933645025395 0.059656801131468026
7 0.5348190077004442 0.8789496182720097 0.050345433645025396 0.05966589149054755
8 0.47609799267332953 0.8574155067374953 0.05180793969514959 0.04248748184962743
5 0.4872172998549219 0.8886018742239379 0.02520907825883114 0.03608294574527378
2 0.4606593450344617 0.8895376603282916 0.033003397540672094 0.033003397540672094