2 0.150589465467812 0.9890068613144554 0.025218176002545344 0.019040901336727246
5 0.17325480613458472 0.9895244819780465 0.020512494668999893 0.017423857336090975
8 0.20443208080040293 0.9829108553071375 0.03940794533736343 0.030142033338636055
7 0.24893605880008476 0.9800489373010924 0.025399989337999786 0.03466590133672724
7 0.3277877647994484 0.9744432799570475 0.0301965773392725 0.044095445337363516
0 0.46337872477717673 0.8087808226050484 0.027035214672181597 0.04093408267027243
1 0.6818061727004985 0.24131896057450425 0.04304202267663584 0.07392839600572695
3 0.5403277447087709 0.30391096192713973 0.06486357336090798 0.20385225334181775
3 0.6028742927275427 0.44148313991886734 0.07145901869827131 0.23361247867599957
3 0.5309827534213596 0.642346753262276 0.10610673870145285 0.25744996801399933
3 0.45863558609163213 0.6697546852721391 0.10192831604072534 0.3011454240133631
3 0.4172566080919503 0.6725802406110934 0.07454765603118041 0.23052384134309048
3 0.3980986227720861 0.7720353479471843 0.15125560669954402 0.2439147266868172
3 0.25894302673454234 0.4970546239656379 0.06980561203054406 0.22578179734245402
3 0.2398470340547248 0.4003887093014106 0.08535788669636232 0.21971361067790857
3 0.3927362240610881 0.44549102928072964 0.07278516136218052 0.21331816000954512
3 0.17241463339431537 0.44727334731063745 0.07442038669636224 0.21958634134309046
4 0.39412983278958524 0.9010052326145932 0.08501244135899881 0.19002611067790837
4 0.3379930853755435 0.30704669462127476 0.06012152936027153 0.19911020934118148