6 0.638343456794994 0.9416627208295335 0.10041817067154532 0.036519282981095455
7 0.5431400447962668 0.95159223273339 0.033521572008272396 0.0611283975406721
5 0.4932673141310849 0.9628206242239379 0.025363626670908877 0.031395445745273774
2 0.4643065201304486 0.9583012958669108 0.02530908267027243 0.026707945745273777
8 0.48190255279276695 0.9261655067374953 0.05510567067154533 0.036255662567786826
7 0.4155963001272669 0.9351455969983791 0.04760225334181776 0.06277271077238851
6 0.35504915145603977 0.9019018258229442 0.04097044533736351 0.029923849336070063
1 0.7959595793682257 0.25241789276709403 0.052544292011454094 0.08467498184962743
4 0.8627936380489978 0.35594234768575006 0.08383174936345306 0.22234769867214013
3 0.7311265620623608 0.45515252820751756 0.12016923870145284 0.25693177693097125
3 0.7247027447087708 0.30596104928475637 0.07747266136218052 0.21293633723582167
3 0.6718879220639515 0.46721671185254304 0.08893742003499838 0.25831246974937905
4 0.495300886775904 0.8018603983262389 0.07670904535327168 0.14731133723582168
3 0.6743787647596775 0.681279211852543 0.09807606269890759 0.2380545119038567
3 0.6669758921069041 0.7836729588274809 0.08702947469763486 0.22861587939029934
3 0.4876027340467706 0.3417177838648583 0.14307948002863496 0.21175563231716552
3 0.38288905673136064 0.4743671782822723 0.08388629336408951 0.22703519867214011
4 0.22127720536281684 0.21591484972885353 0.08065220536281678 0.21764201795398092
3 0.17629470607890546 0.5802636960398615 0.10790559603754372 0.2771715540583344
3 0.3103969860757238 0.5560444251590143 0.0890101453691802 0.264562469749379
0 0.26702660471036166 0.3203432744950844 0.022274989337999783 0.03450226502711464
3 0.2494487533815887 0.3540415636245 0.09496924403245303 0.2395988311856975