6 0.12091336271286472 0.8359869760940908 0.05177157825883123 0.036237481849627426
6 0.11910087783817522 0.8789648164531704 0.04556703005422928 0.04401362041330899
7 0.0701366578924045 0.8355011627641783 0.031477258976990455 0.03924430718159257
7 0.06988212783817523 0.8792511627641784 0.031486349336070064 0.040806807181592575
8 0.0187348018188392 0.831127280152425 0.0374696036376784 0.04087043969514994
2 0.0284667874790956 0.8810545572797881 0.028324987899751596 0.03453862646343282
5 0.0029734464326449344 0.8757494337432213 0.005946892865289869 0.03600113251355737
0 0.04140871165615131 0.5364596747662309 0.02056703005422931 0.04386817466803503
3 0.03079496116517199 0.5490323976388678 0.06158992233034398 0.2488102047222643
4 0.0221274465308408 0.49360455425472616 0.04038060206654457 0.22678975897699036
3 0.2546399646812134 0.5438125907518631 0.03905445140261463 0.26740566861791065
3 0.39894902176460995 0.4468825277165382 0.11699764422102224 0.23661018657189176
3 0.42539386797742196 0.3326700367917245 0.05275333703943001 0.20498748184962734
3 0.7134024072050335 0.37786786554153506 0.06377265027114642 0.2191136143631848
3 0.725798388956465 0.26139343784843794 0.0434419695529872 0.21587043969514969
3 0.7609450277165383 0.3971218595896068 0.0575226502711466 0.21907725292686625
3 0.5215774798065239 0.5852268893492484 0.10936695140261463 0.26781473477649376
3 0.5530365580653551 0.5491075821676561 0.08288626463433105 0.2817226986721401
3 0.5239303201656036 0.5836507538106289 0.06739762002052548 0.30506929508134384
4 0.7415279280858806 0.24333378425764174 0.03539312021691714 0.1751999878997516
4 0.6217724016458887 0.6854218111886131 0.057831722479853555 0.2722022529268662
1 0.36310346711710034 0.16272569633444908 0.03789997579950315 0.06896816861791084