7 0.6453125 0.8923394317001179 0.0546875 0.06906816256778683
7 0.52265625 0.9078967748878679 0.053125 0.05968407220870695
6 0.4578125 0.8981177747896719 0.040625 0.033048849336070066
6 0.73203125 0.8582411667711991 0.0984375 0.04119769262201593
8 0.58203125 0.8833325912428425 0.0546875 0.04250566256778683
5 0.60234375 0.9144644165748073 0.028125 0.03453862646343282
2 0.57421875 0.9185342930382404 0.03125 0.034556807181592576
3 0.67421875 0.353890010057145 0.115625 0.21004768657189174
3 0.49375 0.4736899465308408 0.084375 0.16142837939029936
3 0.41875 0.47959503376666246 0.06875 0.22539997579950324
3 0.3546875 0.5385614884889268 0.096875 0.2208761022629364
0 0.378125 0.6524876331027325 0.028125 0.03610112646343318
3 0.27265625 0.6804449823406067 0.096875 0.2005636022629364
4 0.28203125 0.408515440186129 0.0484375 0.18934430113146802
3 0.47578125 0.5433257356602563 0.0703125 0.14572156615858275
3 0.49765625 0.6369484706331418 0.11875 0.21631586729005098
3 0.4265625 0.6654870819712644 0.128125 0.26168290944452866
3 0.590625 0.5614075942679045 0.06875 0.23633747579950323
1 0.328125 0.3402785245932803 0.0421875 0.07368293969514968