6 0.4051838235834492 0.8546875 0.0955033975406721 0.0328125
7 0.49653098624943154 0.86484375 0.047211343285945874 0.0578125
8 0.5575957512765463 0.84296875 0.05020907825883114 0.0359375
2 0.5738201940949539 0.87421875 0.029832945745273953 0.025
5 0.5456770133767946 0.87734375 0.022029536104353476 0.0265625
7 0.6223895043016083 0.8515625 0.05347952400410509 0.0609375
6 0.6811468807650415 0.8234375 0.039226126463433174 0.028125
0 0.5752767350710812 0.08671875 0.02520907825883114 0.0359375
1 0.5843562984009937 0.1375 0.048901108313060604 0.0796875
3 0.5811762353656688 0.28125 0.12402941510186949 0.3703125
3 0.5816665938751211 0.33125 0.12408395725634716 0.3796875
4 0.7039915666495621 0.25390625 0.07648172852997774 0.2546875
3 0.531025723560008 0.44140625 0.08766466822512733 0.296875
4 0.5871519619507388 0.73125 0.06935905405833438 0.1046875
3 0.36124851298401117 0.61796875 0.10019193930236625 0.3015625
3 0.25379560304850324 0.421875 0.12813513212077385 0.2703125
3 0.3905057835702707 0.2890625 0.10939422247985356 0.271875
3 0.45478541042648735 0.5203125 0.09241580073868469 0.3078125
3 0.23696314793345544 0.2265625 0.10307149960721658 0.259375
3 0.06124344692362425 0.753125 0.1018998850476401 0.3265625