4 0.1625 0.2540703973442803 0.0703125 0.20509656615858277
4 0.8671875 0.17145139928918784 0.09375 0.23179542154477706
3 0.93984375 0.5507803509863901 0.1203125 0.2913249576491307
3 0.803125 0.4718599445669235 0.1078125 0.2975022347764936
3 0.41640625 0.42976633069471815 0.0796875 0.22077610831306044
4 0.28515625 0.7727527405320302 0.078125 0.1988920179539811
0 0.4140625 0.4047526951560987 0.021875 0.04075226502711473
6 0.36171875 0.8481981681269314 0.0984375 0.03026019262201558
6 0.64921875 0.8194020441975812 0.040625 0.029923849336070063
8 0.5203125 0.8389645895735128 0.04375 0.03619203005422946
5 0.50703125 0.8740435715213358 0.021875 0.028252265027114733
2 0.53671875 0.8710912883438485 0.03125 0.028306807181592574
7 0.45859375 0.8612617703898678 0.053125 0.06280907220870695
7 0.5890625 0.8479583153730159 0.053125 0.06280907220870695
1 0.24140625 0.15921696047780093 0.0515625 0.09561248184962738
3 0.25625 0.5132095688890572 0.103125 0.27403746369925486
3 0.340625 0.37854419827935665 0.1203125 0.2772624576491306
3 0.3734375 0.5037350958200286 0.0953125 0.2739920119038567
3 0.3890625 0.4077322494108248 0.059375 0.20034543364502538
3 0.446875 0.3580685926967707 0.1 0.22401928298109547
3 0.4796875 0.4816969902374426 0.134375 0.2757817708808471