6 0.5771610438047977 0.9019393819223673 0.10178975897699054 0.04024428668045417
6 0.2893610619551703 0.8537222472947292 0.042369307181592396 0.03174089600572714
7 0.47953661006157644 0.9085444652689574 0.0519261143631848 0.06309998400699968
7 0.3489315046753821 0.8866251066200022 0.058194295081344015 0.06629770934118148
8 0.41765423359814324 0.8811376279440026 0.056495439695149766 0.042842028007635945
5 0.4280195618569744 0.9169569492759571 0.02677157825883114 0.036246582670272434
2 0.3990905859592754 0.9133870539465478 0.03456589754067192 0.033212489337999786
4 0.4576747247193486 0.776758663271821 0.0709488251355733 0.11019316000954511
4 0.8062015656676035 0.38517695389086865 0.0859203610435351 0.2666067920114541
4 0.0709851865718917 0.11538864266390922 0.060720373143783424 0.23077728532781844
3 0.2707822161351417 0.48047565129695624 0.16251013212077386 0.27218517735518083
3 0.24875722521032798 0.45494893996659247 0.14370558996629618 0.2625920013526354
3 0.4492930355151783 0.4104251386060028 0.11389082493918146 0.24037155601527208
3 0.5138504392041703 0.3604518632638668 0.16563513212077385 0.2722215400222717
3 0.555001638269094 0.18183596725813983 0.08566583098930565 0.222856792011454
3 0.5477300146343312 0.274895623925867 0.09514082493918145 0.24015338001272674
3 0.6382287913689109 0.5207342879137766 0.10800443930236625 0.30279883068109026
3 0.5509378696277419 0.5576899425923216 0.11886921642972936 0.29042610001590835
3 0.43390088143340283 0.7192188832750027 0.09653060811666876 0.210484061346272
1 0.6707175418598901 0.1961155485757769 0.05992042154477702 0.0944408906747269
0 0.45713735177195697 0.41580298193827553 0.028334078258831143 0.03626476400381797