6 0.3777537151721927 0.8673041120254936 0.09551248789975161 0.034929511903856535
7 0.46594860676093636 0.8816342567374953 0.04252384328594587 0.05805793969514959
8 0.5246605314289714 0.8609808682720097 0.053343168617910844 0.03780907220870731
5 0.5111929290678392 0.8930893863241863 0.0220568071815924 0.03137726502711473
2 0.5369787242473791 0.8921581453993728 0.025172716822512698 0.029832945745273776
7 0.5871014440949539 0.8707735039088249 0.04407725292686617 0.056504530054229465
6 0.644273594660688 0.8462229558024188 0.03609203610435348 0.02677157825883114
4 0.6839951456939602 0.7327144468254284 0.04914654800821019 0.1221568011314682
1 0.3280966871610669 0.27151943423420066 0.03786361436318471 0.06271816861791084
3 0.18839279596510675 0.5168551810127469 0.05876698770335986 0.16439884328594587
4 0.07106841969806534 0.6753449127641783 0.055969240630226104 0.22063066256778646
0 0.33361088895646496 0.263675117977422 0.018913626463433177 0.02823408430895542
3 0.3074791392510526 0.45835181372269584 0.07301129488495217 0.19573065651766247
3 0.350461524789672 0.45575807884800634 0.06718854176169434 0.2691317950813438
3 0.32769112442032966 0.609791593875121 0.09822946350286302 0.23337610226293623
3 0.38781153386485834 0.4813211602300956 0.0714669756031114 0.19884656615858276
3 0.4393558531466991 0.48414617838046825 0.06662493949875792 0.17225679508134384
3 0.4892371575978169 0.6385382417103805 0.08093287919390768 0.2145261083130606
3 0.5106182956705191 0.3204558622218854 0.0680965359079618 0.15664088544042354
4 0.6007892985973854 0.26368316657480734 0.057349933448633726 0.18938975292686627
3 0.835112738979906 0.6740247271742452 0.09522263817089822 0.25367042154477704
3 0.8031188921779189 0.399220169894457 0.06831470452587247 0.19414088544042354