4 0.0084523285534188 0.3844295421544777 0.0169046571068376 0.13448408430895542
3 0.1953347050168519 0.13160959006449202 0.11032039734428026 0.16313632513557322
3 0.29208191910889014 0.2884277375069681 0.10298059601642037 0.24434087334017515
3 0.20824623283158603 0.5981067436552883 0.1185328731437834 0.23193177693097128
3 0.2738530521134268 0.6016135387366321 0.13908172247985356 0.2726749515990063
3 0.38017070892567684 0.7248924783335859 0.1985748971478885 0.2933328852440319
3 0.594542802015231 0.5386333123479539 0.11998628883482816 0.2131908672900508
3 0.6091633173369331 0.7113804659387499 0.1482021924256241 0.22897949375348398
3 0.8305338024080143 0.7993900469280557 0.16359084308955402 0.18844539734428026
3 0.652625030250621 0.08973727009528021 0.10412493949875792 0.17247496369925477
4 0.8162017169207086 0.03990596261910027 0.13947156615858275 0.07112154195808598
1 0.5579411849215716 0.7868662792686625 0.14025333703942983 0.205496541958086
0 0.5540268863241863 0.5196469630118837 0.03781816256778647 0.054905668617910665