2 0.018483086608866293 0.8737102200031817 0.03696617321773259 0.04429544000636341
8 0.14579573321136924 0.9002556333545444 0.03484771467218155 0.041024989337999786
7 0.11728092922505044 0.7991289380171811 0.055396572008272346 0.0615738466740904
7 0.05647069855986855 0.7874823660089086 0.0569772533418178 0.06315452800763595
3 0.8778046372931382 0.30634802211963086 0.0805249360279987 0.2071590666772723
3 0.5802087379058225 0.70059527207986 0.1153362880330894 0.2450590560152719
3 0.657053595918231 0.610070816756814 0.08245106269890759 0.23842724801081766
3 0.7269137519494114 0.3811651140992681 0.054906770687453664 0.15374316534054513
4 0.4807120086330469 0.25328337273231516 0.0549794960216353 0.15999316534054514
3 0.45146885662000213 0.34904985872849714 0.07374767735518084 0.16177384134309047
0 0.31420521395609297 0.327137401376498 0.017478401336727067 0.025199994668999894
3 0.28082963995863824 0.30799650270527096 0.08933631468808993 0.1588306546785449
3 0.2629517966263655 0.29997491736949833 0.10198176535645347 0.17147610534690844
3 0.19312055462286565 0.32494709802672606 0.08490335335772618 0.18065111067790857