3 0.8140776114337681 0.744529830105543 0.1940260040579062 0.42766243344863375
3 0.7828554307765405 0.8138747277444107 0.10496240937299817 0.2927783733401753
3 0.6792298967615865 0.7031230592246958 0.3144850494111783 0.5752283007386847
3 0.6301656880967228 0.7137408340143678 0.3973157307447238 0.5725183319712643
3 0.31485031810944947 0.8067817860061577 0.24982147071927036 0.3864364279876845
3 0.27050142878735806 0.8896579185197149 0.11351924936345315 0.22068416296057017
7 0.533037791454449 0.8952282251121322 0.04767497867599957 0.0690227107723885
7 0.58990540945254 0.8814975232185382 0.0429329346753633 0.06430793969514995
2 0.5291764474458585 0.8319287943939729 0.09740225867281786 0.04587610226293641
8 0.6040219061107222 0.8190838816297944 0.03949885200509069 0.03772725897699018
1 0.7765721380092269 0.0724821132830302 0.15001927601845377 0.1368010841125637
1 0.41626736744108594 0.7961180385402404 0.0255090773392725 0.04389544574527378
0 0.7469724747771768 0.8183531494855796 0.10020108935390812 0.15213519262201594