4 0.6722675406985894 0.2273655485757769 0.061593122692544355 0.19131589067472685
0 0.3058709287078163 0.29960691195895645 0.022274989337999783 0.03462953866963625
4 0.16284073341022373 0.5645881166454556 0.09002720536281683 0.218205654678545
3 0.34527087806331525 0.46245180995386576 0.0713499306969986 0.22423747867599958
3 0.31843730008749593 0.6409131646244565 0.06388287603436212 0.2538340720082724
3 0.3899401300922685 0.6752421639481387 0.07318515070018031 0.2476931600095451
3 0.6327634294239048 0.659914966581822 0.08112492003499838 0.2587215666772723
3 0.7020015887173614 0.3653195345719589 0.05565220536281679 0.21780566534054505
3 0.8020032307447236 0.5657457012253686 0.07318515070018031 0.24769316000954494
3 0.9504412780871778 0.6312150652053241 0.08130673337045273 0.2743465666772723
3 0.97908006735359 0.4019088258673243 0.04183986529282002 0.23021475867281788
4 0.8876247467774949 0.8061883405474599 0.06264654535327167 0.14758407200827223
3 0.3015743273790433 0.33325520595959274 0.11559082670272565 0.266934056015272
1 0.31919708469922575 0.23616202995704744 0.044513616008908664 0.0661340773392725
6 0.6707736014480856 0.837621795910277 0.09723862667090888 0.03237724267981754
6 0.40451280211644913 0.853221713279775 0.03940794533736351 0.030142033338636055
7 0.586716774785131 0.8659473379217311 0.04912839067472685 0.05993862133990859
7 0.4656502967854491 0.8697001412715029 0.0507454346753633 0.06464430267345414
8 0.5256156427832218 0.8525939099300033 0.051980670671545326 0.036537484006999674
5 0.5423673381205854 0.8820905059277759 0.025363626670908877 0.031540901336727246
2 0.5142605194541308 0.8839802699315941 0.030032945337363514 0.030032945337363514