7 0.2642821038749603 0.9226936531980126 0.027089758672817866 0.0454670361043533
7 0.1831139198759148 0.9151897045258724 0.027089758672817866 0.0454670361043533
5 0.10273607654364203 0.9069090510332722 0.022238626670908878 0.03137726502711473
2 0.07776334854396019 0.9044198552879983 0.026980670671545238 0.0360920361043533
8 0.13552130454332384 0.9094436985739442 0.04262385200509069 0.03774543969514994
1 0.3373341786282745 0.28479419827935665 0.03820907200827239 0.061155668617910844
4 0.329466587285184 0.3566282916634984 0.03748291335136278 0.13302157825883115
0 0.25229501261141163 0.40852661406859714 0.015915901336727066 0.02509090359079611
3 0.23959501794241173 0.4256413911959601 0.05872266136218052 0.21282725292686636
3 0.49645354527373 0.44198050526455723 0.06311926002545327 0.1878545240041051
3 0.5964353639401846 0.4441247882456528 0.05532494135899881 0.18937157220870696
3 0.3266575712524128 0.5980345416634985 0.09656810669954394 0.24273292154477702
3 0.6788302406110935 0.4133520320973328 0.0693510786919079 0.18632838544042354
3 0.8888677646005938 0.49192298057308115 0.10868629869508979 0.20999314441741407
3 0.7544905752307774 0.7599093904103933 0.10152832670272556 0.2661976926220159
4 0.5568150492123237 0.8947060503459012 0.08341357869190791 0.18641019867214012