7 0.2256803570365143 0.92265625 0.026826120413308896 0.0453125
7 0.1459064986252579 0.9078125 0.020567030054229284 0.04375
5 0.06848093539354135 0.89375 0.02361930718159235 0.03125
2 0.04502070949584229 0.88984375 0.028343168617910818 0.0375
8 0.09976275165032 0.89921875 0.04397725897699045 0.0390625
3 0.8198025408779316 0.85234375 0.1266998971478884 0.2921875
0 0.7451873184962738 0.515625 0.028379530054229284 0.04375
1 0.683127159149941 0.32265625 0.048864746876741985 0.0734375
4 0.696812930128984 0.3921875 0.06035675878059869 0.16875
3 0.6636105864502547 0.59375 0.11704309601642038 0.24375
3 0.6688162369177929 0.6828125 0.15467945140261463 0.2671875
4 0.4778241191367627 0.88828125 0.09973742134838534 0.2234375
3 0.0266060110200939 0.67890625 0.0469033128389331 0.2734375
4 0.09403284289316241 0.3171875 0.07470105991206685 0.2171875
3 0.2886822675611974 0.3375 0.07936128883482799 0.2125
3 0.4178930445903646 0.38984375 0.08250446955298721 0.215625
3 0.3617026528052293 0.534375 0.11396354781181853 0.2515625
3 0.23467252019347606 0.58828125 0.09197946350286301 0.2328125
3 0.706833866504484 0.6375 0.109430583916172 0.278125
3 0.5429662883438487 0.53671875 0.0998646863754999 0.2453125