0 0.3488673512809776 0.7433080758229442 0.02837043969514976 0.04235112646343318
3 0.4205469085607659 0.7092961693052819 0.12519193930236625 0.3022806383672897
3 0.5809930082896194 0.48960531714054145 0.13106923458010195 0.23825449980360833
3 0.9350641155811281 0.6508230556294682 0.12987176883774368 0.30232609016268785
3 0.9625232467785463 0.4061236339864953 0.07495350644290752 0.2707579275949012
4 0.8603820890825332 0.8395542784039094 0.09518627673457943 0.247420421544777
7 0.7749127425751337 0.9205229981532883 0.025263620413308985 0.04545794574527377
7 0.8529741100615764 0.9091309801993074 0.029951120413308985 0.0454852168225127
8 0.8990587697024968 0.9073003146064587 0.03457498789975162 0.03457498789975162
5 0.9310672938047976 0.9032077122453265 0.023628397540672096 0.032948855386194256
2 0.9544911582661783 0.9007276068591322 0.025172716822512698 0.029832945745273776