8 0.7651064713996989 0.9807383354873057 0.0439227168225127 0.029942030054229463
7 0.7205434051429204 0.9755286607210749 0.031486349336070064 0.040806807181592575
2 0.8174774924769377 0.9851213084581385 0.02668067466803521 0.020467036104353298
5 0.7955934021178581 0.9836860734852533 0.026698855386194254 0.023592036104353654
7 0.6446803419112037 0.9619070431364364 0.029942030054229286 0.0439227168225127
0 0.18562090007475476 0.3473693828081449 0.02208407825883123 0.03606476502711464
3 0.16383680366555092 0.3631216478352596 0.09839308996629618 0.2615011022629362
4 0.3311328670936592 0.24651943423420067 0.07628174063022612 0.22074883723582167
3 0.5655856560266831 0.3928166755517978 0.09367831888905727 0.2567863311856975
3 0.9133378756778662 0.5415798658361227 0.11401808996629618 0.2615920058537323
3 0.5553577249157404 0.649134853244895 0.11092036104353512 0.2662613251355733
3 0.952218568496274 0.5101026068591322 0.0890817224798532 0.27238406010845856
3 0.9694226865718918 0.340457727370637 0.06115462685621651 0.23005111436318462
4 0.5886070830324093 0.8583235008837627 0.10942149355709248 0.2771897347764938