0 0.6927025981062679 0.7788354679026672 0.028615896005727136 0.042351126463432996
3 0.6180838587682681 0.744892259958949 0.12858172270845253 0.3085397287263696
3 0.45221176873804214 0.5231859524827691 0.13406810669954403 0.24295109016268784
3 0.09243842142740476 0.6924778706097007 0.1379385413749072 0.3070317708808471
3 0.05202031739336087 0.4419147892276115 0.09698627737108916 0.278670421544777
4 0.1764696181174037 0.8638756267580205 0.09307948002863506 0.21146474082661798
7 0.26429742946367585 0.958683611829102 0.023837489337999784 0.03451135538619425
7 0.18293834146240315 0.949781310501242 0.030105670671545237 0.0361102168225127
8 0.13683550079563042 0.9492682260940908 0.034720445337363424 0.029887487899751618
5 0.10320538812853955 0.9463386688143025 0.025327264003818017 0.028270445745273775
2 0.08051277546144867 0.943345479020957 0.025327264003818017 0.028270445745273775