7 0.8467372121259942 0.928125 0.02843408267027243 0.0265625
7 0.9285684674569943 0.9109375 0.029996582670272432 0.0265625
8 0.9782285550604517 0.903125 0.04354288987909669 0.025
3 0.8749236574235868 0.66484375 0.11722605203690754 0.271875
0 0.31829239676158655 0.69921875 0.022220445337363427 0.0296875
3 0.2347697300684059 0.50390625 0.09273403469127164 0.18125
4 0.20219304006204258 0.45703125 0.06308289735836245 0.184375
4 0.6879520107813129 0.84453125 0.0995476560311804 0.2296875
4 0.7200067013844522 0.3765625 0.06762494668999892 0.171875
3 0.4657004620464524 0.3421875 0.097439716024817 0.1828125
3 0.5115316773949516 0.45390625 0.08821016669318063 0.1953125
3 0.38506117874758716 0.59609375 0.11484539202736244 0.2015625
3 0.3135776247612684 0.696875 0.11053970003181668 0.234375
3 0.45931848078449455 0.86796875 0.14838514536918018 0.2640625
3 0.4754049154200869 0.6390625 0.10541584802672599 0.196875
3 0.5720713774267685 0.68828125 0.1122112880330894 0.24375
3 0.6725879034054513 0.53125 0.11208401869827114 0.2328125
1 0.6416447967059072 0.2890625 0.044477253341817756 0.0625