2 0.09623829673166395 0.96484375 0.022065897540671963 0.0328125
5 0.11968943227028336 0.9671875 0.01892271682251274 0.0296875
8 0.15248829673166395 0.96484375 0.03773634933607006 0.040625
7 0.19780534191120375 0.965625 0.022129530054229286 0.04375
7 0.2790689774498232 0.96796875 0.026817030054229286 0.04375
0 0.5828741917382532 0.68203125 0.020521578258831143 0.0359375
4 0.6836059656441623 0.8078125 0.07319310206654457 0.2265625
4 0.7159078428931623 0.3171875 0.03529312626704133 0.1578125
1 0.7203453580184729 0.27421875 0.03479315651766246 0.071875
4 0.11207886094533914 0.33046875 0.05416130093507645 0.178125
3 0.21670779449216876 0.4546875 0.06385446350286302 0.2328125
3 0.3473038095192834 0.4765625 0.06216469847574846 0.2109375
3 0.5474906827612627 0.64296875 0.09165221057599685 0.1765625
3 0.642557743066113 0.60078125 0.060502204525872474 0.19375
3 0.6629066045024314 0.60703125 0.040526047811818525 0.2515625
3 0.6042618157657993 0.3296875 0.04164312021691714 0.175
3 0.5832816952542945 0.34921875 0.0759090359079618 0.15625
3 0.5404447554609491 0.371875 0.07762607201231528 0.1828125
3 0.5773862192583996 0.41015625 0.055760162371394986 0.184375