8 0.9112809701224943 0.90234375 0.044168170671545326 0.0359375
7 0.8620985827895853 0.90546875 0.031722714672181594 0.040625
2 0.9666679041215399 0.8953125 0.0253818080044546 0.0328125
5 0.9448565387889488 0.90078125 0.023873852005090866 0.0375
7 0.7824747174569943 0.9109375 0.025527258672817865 0.0453125
4 0.4304485934515855 0.87109375 0.09674992003499838 0.2578125
3 0.3296395241088132 0.8015625 0.11617262937617986 0.315625
4 0.33204253003658923 0.26953125 0.05697834802672599 0.196875
1 0.3593675513605897 0.20078125 0.046076116008908666 0.065625
0 0.38421355736790747 0.2546875 0.02385567067154515 0.0359375
3 0.3829248720559974 0.4125 0.06698969470081657 0.2515625
3 0.4003123667249973 0.4296875 0.08624877204008907 0.2953125
3 0.48186400075585956 0.65703125 0.11771694804263433 0.3140625
3 0.48362485339749706 0.47265625 0.06718968936981647 0.26875
3 0.49775953138922463 0.41171875 0.09696809603754382 0.2765625
3 0.5561811060629971 0.4640625 0.10875902402927143 0.215625
3 0.6002561806969986 0.2234375 0.08252378803308939 0.24375
3 0.6315810954009968 0.4984375 0.09845787070336201 0.2703125