7 0.8887690761059496 0.7702326592139146 0.05694089067472703 0.060029528007635946
7 0.949597488104677 0.7601485872056422 0.05534202800763595 0.056886346674090406
2 0.9837333940563155 0.8432968945337788 0.03253321188736891 0.050490896005727134
8 0.8657502941199489 0.8736394698838691 0.03479317067154497 0.03633748933799978
4 0.8333174127545868 0.6380474152212324 0.08214198002863497 0.21186474801081764
0 0.5971413660486796 0.3516939339195037 0.030178396005727137 0.042532945337363515
1 0.5884839813812706 0.3463251812540037 0.05723179201145392 0.08502952800763594
3 0.5646026807367696 0.5099064232575035 0.11290217870781624 0.3043976933481812
3 0.3102595313892247 0.40816429929186554 0.09188060669954394 0.24322383601209036
3 0.25317756878576725 0.8745165526336833 0.11379196936663485 0.24660337468172672
3 0.6561191134229505 0.6526109965786404 0.12694649737427072 0.30299882535009015
3 0.7491889554423586 0.7945161385662318 0.1383374360279987 0.2078317760184536
4 0.10460951539622439 0.46212673531986426 0.10926810136854384 0.26061133068109027