4 0.6373076825648709 0.77265625 0.06941359621281204 0.1140625
4 0.05221402331673404 0.51484375 0.08277718032537577 0.2625
1 0.37044028590796174 0.15625 0.0535795179539809 0.078125
0 0.3526760689872532 0.19140625 0.02521816861791084 0.0375
3 0.3277447675611974 0.3375 0.1110748971478885 0.2921875
3 0.38747883674484235 0.39921875 0.0842396863754999 0.2453125
3 0.6102168999765588 0.41328125 0.09823855386194254 0.234375
3 0.4754141322189698 0.20546875 0.08718287919390769 0.2140625
3 0.6858572494108248 0.3890625 0.12485559601642038 0.24375
4 0.7506777526322786 0.25078125 0.07621810811666876 0.209375
3 0.6173395744482022 0.56328125 0.09694876463433122 0.28125
3 0.3464680173648057 0.4671875 0.08117831888905727 0.25625
3 0.4999202702916719 0.5234375 0.11727035499341092 0.2828125
3 0.24930719193464487 0.55234375 0.08270445745273883 0.25
3 0.20838727614540442 0.6359375 0.1406714935570923 0.2765625
7 0.5074434414436656 0.8765625 0.03942611436318479 0.0625
7 0.39014685713471015 0.8578125 0.03156816256778665 0.0546875
6 0.5941394655459664 0.87265625 0.09868293969514959 0.0421875
6 0.33372868549173723 0.82890625 0.0392352168225127 0.0296875
8 0.45028492641655093 0.8546875 0.05336134933607006 0.040625
5 0.46063207395722294 0.8875 0.02989657825883114 0.0359375
2 0.433261052879984 0.8828125 0.025172716822512698 0.0296875