6 0.5745878085563344 0.88330777474536 0.09551248789975161 0.035484061346272
6 0.3013775675333249 0.8410635413749071 0.039226126463433174 0.028579533338636054
7 0.48157360676093636 0.8900384853994062 0.048773843285945875 0.05837612133990859
7 0.3582361007108122 0.8714146600493159 0.05347952400410509 0.061555665340544866
8 0.4231207573266705 0.8651379353914519 0.05178066861791084 0.038099984006999675
5 0.43307701942691884 0.8996311140594972 0.02519089754067192 0.03310340133672725
2 0.4049747453246179 0.8953976000556793 0.0314227168225127 0.0300511266709087
0 0.43431539178513534 0.14959475139240636 0.02520907825883114 0.03622840133672711
1 0.43749947911915293 0.13947486405949724 0.04565793364502539 0.059902258672817864
3 0.3716148830045366 0.3176265887173613 0.11887830678880888 0.29198860001590843
3 0.4098643167477579 0.3235407813892247 0.10056464402463057 0.366770424013363
3 0.30506721155795546 0.47545672270845263 0.08894536709365922 0.249455654678545
4 0.9515841841360047 0.2759343634627213 0.06848742134838517 0.2242192973424541
4 0.20384560002344113 0.4156811860279987 0.0733112767345796 0.24771134134309047
4 0.487006516205465 0.7619680294000423 0.07570904800821018 0.12274770401018138
3 0.9837734736582039 0.5177315121339483 0.028053318889057266 0.2565590826702726
3 0.7303297902095701 0.703857726766359 0.12050443930236625 0.3029442813494537
3 0.6734319130587659 0.27738558609163216 0.08878174063022612 0.2213306546785449
3 0.6239990187395479 0.44791571475172337 0.08749195140261463 0.2681874733449995
3 0.586253058163551 0.6240509534134053 0.09864762002052548 0.30581474267981756
3 0.4764791241257421 0.42276007873167887 0.09358741529826116 0.24169769867918128
3 0.43340583499632646 0.4402288420591791 0.0999555899662962 0.2620829240133631