6 0.6126474258832326 0.86015625 0.09727498933799979 0.034375
6 0.3349860498886415 0.8203125 0.039389764003817974 0.028125
7 0.5195786785487326 0.86875 0.04912839067472703 0.059375
7 0.39244401388450534 0.85078125 0.052289753341817756 0.0625
8 0.4589320798854598 0.84375 0.04574885200509069 0.0375
5 0.47025084054746 0.878125 0.025399989337999786 0.034375
2 0.4405997032145509 0.875 0.023782945337363515 0.0296875
3 0.8762944919239579 0.56015625 0.11108514003817974 0.28125
4 0.6496030805617775 0.77265625 0.06346361067790855 0.0828125
3 0.717800739258458 0.5515625 0.0997840133672712 0.25
3 0.48478714990454985 0.703125 0.08176017202418073 0.178125
3 0.42785644458150396 0.62734375 0.09566013470717998 0.2984375
3 0.3984523972788207 0.4015625 0.11266582137172554 0.2828125
3 0.34721716128263874 0.3734375 0.092207870703362 0.2703125
3 0.535098421944639 0.4078125 0.10299992003499839 0.2578125
3 0.5601995139640471 0.26484375 0.06577154535327186 0.146875
4 0.6674494873090465 0.17890625 0.08386811203054415 0.225
3 0.7703739452975926 0.26328125 0.1104851560311804 0.2296875
3 0.6452001279440026 0.4125 0.09531468936981646 0.26875
1 0.2792051473185916 0.10859375 0.052544292011454094 0.084375