6 0.59609375 0.8598132780111257 0.090625 0.03333974082661797
7 0.50859375 0.8689160881195844 0.0296875 0.056422716822512695
5 0.4625 0.8785592537124332 0.0234375 0.029823855386194253
2 0.4359375 0.8748075398167867 0.0234375 0.025136355386194253
8 0.45234375 0.8458058410464506 0.05 0.03466589149054755
7 0.390625 0.8539774102300957 0.04375 0.056504530054229465
6 0.3359375 0.8238268227978821 0.0375 0.026780668617910664
1 0.74609375 0.23081560353948252 0.046875 0.0768352107723885
4 0.80703125 0.3249923295353775 0.0734375 0.20355224687674206
3 0.68515625 0.4147638775435876 0.1078125 0.2350022347764936
3 0.68046875 0.2788536486208265 0.06875 0.19414997579950316
3 0.63046875 0.4260195401113743 0.078125 0.2363920179539809
4 0.465625 0.732447322994274 0.06875 0.13321247579950324
3 0.63046875 0.6213320401113742 0.0875 0.21769656010845856
3 0.6234375 0.7151229467272325 0.0765625 0.2082579275949014
3 0.4640625 0.3113626633533536 0.128125 0.19449540944452864
3 0.365625 0.4322478559753694 0.075 0.2082488372358217
4 0.2203125 0.1963745093697739 0.071875 0.1988556565176624
3 0.17578125 0.529446084603543 0.0953125 0.2521170119038567
3 0.2984375 0.506857491415793 0.0796875 0.2426511083130606
0 0.26171875 0.29144611485416405 0.01875 0.03135908430895533
3 0.24453125 0.3220148588040398 0.0859375 0.21924996974937896