6 0.3622071234484038 0.8497061259724539 0.0908977200031817 0.02396474082661797
7 0.4491713214512673 0.8713043909013726 0.04278748400699968 0.05180793969514959
8 0.5091548487825855 0.8568106197259379 0.04567612667090888 0.03151362041330898
2 0.5204559754534944 0.8881242522394952 0.02681703866963616 0.0220295361043533
5 0.49389347545349443 0.8879697161351416 0.019040901336727246 0.025109084308955688
7 0.57027416211804 0.8727901437300429 0.04752952800763595 0.056522710772388504
6 0.6278593954487219 0.8535952370159888 0.036210220003181706 0.023646578258831142
4 0.023896412078269126 0.5766624939498758 0.037247650700180275 0.24707498789975163
1 0.3495471086887263 0.16452260489521495 0.03995338534372674 0.07678975897699045
4 0.6427202320973592 0.7208781857863248 0.07429311736154424 0.20823065651766245
4 0.8290078893618624 0.21496504995311777 0.05091016136218052 0.21278180113146822
3 0.6984413313971789 0.4743440742518105 0.06237492003499838 0.2581579336450254
3 0.57005270206077 0.4509424148072818 0.06377378803308939 0.2441045240041051
3 0.5371760200509067 0.37809981244614965 0.06971470536281679 0.21757838544042354
3 0.5635203440483615 0.3595043485505031 0.06037606802990787 0.22064884328594586
3 0.5229413447246791 0.4303572040348933 0.09780334269572606 0.2146170119038567
3 0.4417726133831795 0.36973280054229296 0.08348630402608972 0.19266019867214013
3 0.43813798870145304 0.25878166500367356 0.07285788669636233 0.21915906615858277
3 0.43933050807604196 0.5626742794650541 0.0687340080362711 0.267569295081344
3 0.2155668387571322 0.6676152677575892 0.060576062698907585 0.23783634328594588