8 0.07890625 0.8653028131335209 0.0375 0.04396816861791066
7 0.053125 0.755777822208707 0.0609375 0.0675420240041051
7 0.01015625 0.7391215873340176 0.0203125 0.06886817466803503
3 0.884375 0.26920764323906365 0.09375 0.2208579215447771
3 0.55 0.6735123063960253 0.1328125 0.26171018052176753
3 0.6359375 0.5818247761454044 0.096875 0.2536886022629362
3 0.71953125 0.34168611035616403 0.0640625 0.1644352047222643
4 0.4640625 0.19332483664664646 0.065625 0.16913179508134393
3 0.428125 0.2938970083878153 0.0828125 0.17235678903121973
0 0.28359375 0.26414990017295065 0.0203125 0.02668067466803503
3 0.24921875 0.241293662273199 0.1 0.17089428298109555
3 0.23046875 0.23259082796424363 0.1140625 0.18347609621281205
3 0.1546875 0.25558744554888213 0.096875 0.19275110226293632