4 0.16417911202549368 0.3818443767580207 0.07935219847574837 0.2113920179539809
4 0.4886826456939602 0.7338507417103807 0.0790158551898024 0.1535795179539809
4 0.8435358556807818 0.16618041091746663 0.07933401775758923 0.2082670179539809
0 0.7779285155180939 0.29780766081927074 0.025236349336070062 0.040770445745273866
3 0.6463835997288536 0.21498204616149846 0.06982266237139498 0.18477497579950314
3 0.8060757205349459 0.4281082391762978 0.10008285499341092 0.28338519262201595
3 0.7160319826351943 0.4630059348233758 0.10604196350286302 0.23342155405833437
3 0.6597092597625573 0.4758331877502421 0.09384194535249044 0.2849113311856975
3 0.6049950095661656 0.3464683954975685 0.08258628278470379 0.23016019867214013
3 0.4638432896203949 0.3035410729942739 0.09659424063022612 0.2208670119038567
3 0.32728816608382805 0.27621147941374047 0.0711124515990064 0.13790906615858275
3 0.34374389217791884 0.4018927354638647 0.09200673458010193 0.2380272408266178
3 0.23877861534514336 0.5845284943426593 0.10760446350286301 0.2334306444174139
3 0.30026049512822617 0.7591648799794746 0.12164878278470379 0.23038745764913066
1 0.26821769311299526 0.22421316305876596 0.048892017953980904 0.07840680113146811
6 0.4214855344540335 0.8701745819712643 0.09394998789975162 0.034920421544777015
6 0.6905127904059618 0.82095479020957 0.0392352168225127 0.029914758976990186
8 0.5708224591220685 0.8489939526791609 0.04239657825883114 0.03618293969514994
5 0.5596895164018567 0.8826513351927183 0.023601126463433174 0.028261355386194252
2 0.5878417874790955 0.8778002087292851 0.031413626463433174 0.028306807181592574
7 0.5128599681972549 0.8751115459651068 0.05505111436318479 0.06281816256778683
7 0.6356480284039092 0.8517417027773568 0.05505111436318479 0.06281816256778683