4 0.619933761895323 0.7784117367520416 0.07480110001590834 0.11804202267663584
4 0.043239827975819295 0.48958975867281784 0.08647965595163859 0.2666795173456357
1 0.381239814648319 0.13961067671863397 0.057177248010817736 0.08034202800763604
0 0.3620807346435465 0.17454875071608864 0.027017033338636053 0.03937158267027256
3 0.3291216892902747 0.3210601240451797 0.12534763470717997 0.2998556440165447
3 0.386951823281366 0.38736692405313394 0.0966590133672712 0.2510908800127266
3 0.6116972846117298 0.411860036083678 0.1106124253659985 0.24187951201463562
3 0.4860813086410012 0.1947441667329515 0.09629538669636233 0.21984088001272667
3 0.689295573281366 0.3908850120941775 0.13570333203372567 0.24998291335136286
4 0.7619892806333652 0.25421226277049525 0.08528516136218052 0.21346361067790856
3 0.6114871045910488 0.5642219674172234 0.10959536537236189 0.2887363306810903
3 0.3408575259389119 0.45402716538031596 0.0920987827020893 0.26197383601209034
3 0.49403652259709413 0.5183180267345423 0.12992604670590727 0.29053518801718103
3 0.23754107459423063 0.5364300380330894 0.09515105736790748 0.25576019867918126
3 0.192046213916322 0.6187243700270442 0.15329082137172553 0.28455790802036274
7 0.4820332252148691 0.8783833700668151 0.0413704346753633 0.0645352146721816
7 0.3643462858848235 0.852791929384134 0.035029528007636035 0.056649989337999786
6 0.5703417472151873 0.8770668654121326 0.10054544000636341 0.04803860534690827
6 0.30845991255573235 0.820887401376498 0.039426126670908876 0.03170453333863606
8 0.42608321721836895 0.8519475920591791 0.056759077339272504 0.044404528007635946
5 0.43426788721359644 0.8872038393936791 0.03012385200509051 0.03784544533736352
2 0.40622470321455095 0.879845325389861 0.02692612667090888 0.03155908267027243