4 0.798934202617775 0.3648286945669235 0.06348288669636233 0.2191045240041051
4 0.49343489656273204 0.7685475504440971 0.06900563335454457 0.1566408854404237
4 0.07250915730427407 0.21449883723582164 0.061902205362816806 0.2175329336450255
0 0.15225010662000216 0.34465903590796176 0.023910214672181594 0.040761355386194256
3 0.2815568933004561 0.24384194535249043 0.055343122692544267 0.19093407220870695
3 0.13500696793445757 0.48363063231716563 0.07685559070654362 0.29417724687674196
3 0.232354135264185 0.5107612797596417 0.08871924403245304 0.23956246974937906
3 0.29243765993000326 0.517361258584207 0.07064195337363444 0.29726588544042354
3 0.33705182061586597 0.37620499345889646 0.06371924403245303 0.23941702400410508
3 0.47994839262413835 0.3160947161351417 0.0791987933640895 0.2270079275949012
3 0.6203103106301835 0.2723770532727675 0.06101132001908986 0.14097043364502548
3 0.6148495566120479 0.40594807737506844 0.07320333203372584 0.24884656615858275
3 0.7401206345878673 0.5848139416400573 0.09029992536599848 0.24113406010845856
3 0.6918178525620957 0.7743895260472086 0.10428970003181667 0.23496587334017516
1 0.6772693826384558 0.2117668061996337 0.04467724801081765 0.07994203005422928
6 0.5762463018778238 0.9034134298343964 0.0971840826702726 0.027126102262936415
6 0.2913354998806873 0.8806606893023663 0.039389764003817974 0.028352258976990542
8 0.4192786865452328 0.8970310987468949 0.04258748933799979 0.03462043969514959
5 0.4337315378740058 0.9307112071581513 0.022202264003817973 0.028252265027114733
2 0.4032718785407785 0.9297526951560986 0.02999658267027261 0.026735216822513053
7 0.48075198854236934 0.9184839179305397 0.05227157200827239 0.06123748184962743
7 0.35118266721041475 0.9075731681269315 0.05227157200827239 0.06123748184962707