0 0.18637801658977626 0.5686516446928624 0.01911362667090888 0.03146817600254544
4 0.02756882729950156 0.6151982860041361 0.05513765459900312 0.23352157200827223
4 0.4941514172104148 0.9080959526973167 0.10844994135899881 0.18380809460536654
1 0.28320066195895643 0.30568002470558914 0.03828179734245411 0.06762385200509069
3 0.2985882099379574 0.460567519374589 0.08819198535963517 0.19474997334499947
3 0.34874275127309373 0.44786807204804324 0.10091016136218052 0.2136454240133631
3 0.23414335459104896 0.5598311753659985 0.09491470003181668 0.23544769867918128
3 0.4010950445974123 0.5148924873885884 0.0840862880330894 0.2446954293443632
3 0.4567183359325485 0.5022566747294517 0.08061584269572605 0.2149715666772723
3 0.5125041645846855 0.6099515434038605 0.06666243069699859 0.2241829346753633
3 0.7357887652769117 0.4242429521005409 0.09266130935708983 0.17605451734563574
3 0.9031666219366847 0.47697869545667615 0.07251244135899881 0.18988066000954493
3 0.22592922322568673 0.7957050406985895 0.1182976560311804 0.23103291868236298