4 0.7059072913749072 0.3103361164062882 0.03784654002227157 0.16427157825883115
3 0.4098611840785873 0.5812515626425414 0.08969994135899881 0.18957156010845858
4 0.6036213694302683 0.7175259268093344 0.04255222135581711 0.16586134933607005
3 0.25207431405154307 0.3811283219141194 0.033104496021635385 0.15955680718159232
3 0.46323163208145085 0.6026543848512483 0.06657152402927125 0.21599770472226432
4 0.09442489871099796 0.3270897408266178 0.03314085868872627 0.1626818071815924
1 0.6597039060311805 0.23350999599297925 0.027162484006999676 0.05171703610435348
6 0.6730633547899034 0.9116668122497579 0.04885567067154532 0.036219301131468026
6 0.5285866487905398 0.9155134540348933 0.053579533338636055 0.03937157220870695
7 0.6004252861234489 0.9128066105525556 0.07076703333863606 0.03947156615858276
7 0.4536048301240852 0.9166396167990716 0.06764203333863605 0.03945338544042372
2 0.38720767079085794 0.917034526538188 0.030087489337999783 0.034547716822512696
8 0.3200565334579488 0.9197686410977642 0.06288180800445434 0.03317611436318444
5 0.25523096479149426 0.9209538911959602 0.022274989337999783 0.03450226502711473
3 0.5472771787078162 0.3062884449597069 0.055143128023544465 0.17374657220870696
3 0.5038720767027256 0.26853846008501747 0.05352608402290802 0.16904998184962744
3 0.42262207670272567 0.26806576141287736 0.04086245202099903 0.15491475897699045
3 0.47754648138127054 0.3558793788011242 0.05668744668999892 0.17219316256778666
3 0.4291731633911337 0.4282492824901162 0.07053177068745349 0.15352497579950325
3 0.37526746073358785 0.49511861992232953 0.06482721069381689 0.20036361436318478
3 0.3454799633990879 0.48635215309981683 0.05714198002863506 0.21125566256778666