4 0.6746131388582691 0.19684966969806533 0.10311695140261463 0.2677783733401752
3 0.7910547085328934 0.4586633475875542 0.1328589935570923 0.27732609016268805
0 0.7400416543763632 0.49880253425764176 0.028397710772388507 0.047038626463433174
3 0.18186099483363857 0.5653290424490652 0.15980328863843632 0.34310562626704133
3 0.029577894810197465 0.46701023799794744 0.05915578962039493 0.3222295240041051
6 0.5762684832243694 0.8528683864223823 0.10179884933607006 0.04121587334017533
6 0.28654745307194435 0.8334608980316514 0.042360216822512696 0.02993293969514994
7 0.3496650766085112 0.8612177384889268 0.05349770472226432 0.06437157220870696
7 0.4808605344540335 0.8698291483262388 0.05506020472226432 0.06438066256778682
8 0.41693438984022774 0.8467643530485031 0.05495112041330898 0.04563066256778683
5 0.4300156519404762 0.8810620849963264 0.026780668617910664 0.0376545361043533
2 0.4003190615813965 0.8827973018188391 0.03614657825883114 0.03614657825883114