3 0.53984375 0.5437183492600488 0.134375 0.21406359468490824
3 0.3453125 0.3709819252864567 0.084375 0.1947317920114541
3 0.86171875 0.6368479945496872 0.1015625 0.2074317866804538
3 0.5875 0.44941381858691276 0.0890625 0.20259883601209036
3 0.459375 0.36340468793763925 0.0953125 0.2198590613462721
3 0.32578125 0.5954279419557749 0.109375 0.19502269334818118
4 0.01796875 0.48182216466422734 0.0359375 0.23323067067154532
4 0.30234375 0.7519506619589565 0.1546875 0.26117495202099905
3 0.8421875 0.3964502612190053 0.0765625 0.21026588534372675
3 0.3390625 0.5819921506206385 0.11875 0.1998192813494537
3 0.35625 0.2771046559516386 0.053125 0.11311816534054513
3 0.53984375 0.2757495992600488 0.08125 0.1993829293443632
4 0.69453125 0.3216058972390498 0.0796875 0.20248974801081765
0 0.3515625 0.5966904499522749 0.0265625 0.036246582670272434
1 0.3484375 0.2014143126193658 0.0390625 0.06764203333863614
8 0.14375 0.7873898173138191 0.0515625 0.04278748400699968
2 0.084375 0.781049457988546 0.0546875 0.045948846674090583
7 0.06640625 0.8265710433243185 0.0328125 0.045694308004454245
7 0.19296875 0.8438483553071375 0.0359375 0.04416817067154497
5 0.20390625 0.7991898359723194 0.0359375 0.042605670671545325