5 0.06770877575262095 0.8953125 0.03934430113146816 0.0484375
7 0.031107679539808863 0.78125 0.05039997579950317 0.06875
4 0.47938155307637575 0.753125 0.10141809601642038 0.24375
4 0.7645135145361353 0.34609375 0.08248628883482816 0.2125
0 0.8388584878015557 0.09921875 0.026807939695149587 0.0421875
1 0.7184737858097658 0.22109375 0.0551420179539809 0.078125
3 0.12514648750696813 0.29375 0.10923059601642038 0.24375
3 0.3865668182998821 0.6453125 0.15664192720211786 0.3359375
3 0.5194287943939729 0.51953125 0.09391466822512733 0.296875
3 0.5626424632082754 0.42734375 0.08908172247985355 0.271875
3 0.594519697984769 0.53515625 0.1064964814568441 0.3109375
3 0.6223447161351416 0.48359375 0.0828589935570923 0.2765625
3 0.6703776951560987 0.4140625 0.10157263212077386 0.2703125
3 0.7666396167990717 0.44296875 0.0905987706844554 0.2640625