7 0.3916798505331425 0.9789029659452751 0.03163180800445433 0.033176126670908704
7 0.3119014438654153 0.9876427139560928 0.03144999466899989 0.0175511266709087
3 0.2647013692314138 0.7475995166295472 0.1109215080362711 0.2684420120146358
0 0.7839979039226854 0.560331495226005 0.022220445337363514 0.029942038669636163
3 0.7840813619510023 0.3517650172263231 0.08801017202418074 0.17912497334499947
4 0.7964364586250928 0.29694115722473224 0.05835903469127146 0.18190452800763596
4 0.504271851885778 0.8354245912635486 0.09480561203054413 0.22607269867918128
4 0.2949637706079118 0.42932168395927456 0.06290108402290802 0.1694590720082724
3 0.513651230625411 0.2978882285964578 0.0942783533577261 0.18076019867918128
3 0.5130506992759571 0.4166291379296851 0.08346812269254436 0.1915704293443632
3 0.6832262919319122 0.49354453190645886 0.11010334802672599 0.19812951201463563
3 0.7871774479233217 0.5556076325589141 0.10421697469763487 0.22930678668045382
3 0.722177514560823 0.7711786359007318 0.1421715080362711 0.2688056386855447
3 0.6167376785885036 0.5685268979153675 0.09912948535963509 0.19487724267981754
3 0.5493859992441404 0.6505496045910489 0.10590674403245295 0.24026246801399936
3 0.3974700579249125 0.5484251252785025 0.10577947469763486 0.22932496801399935
1 0.3321557826225475 0.3210910132877293 0.04289657200827239 0.06142839600572696