6 0.3609375 0.8466311229473916 0.096875 0.022438602262936057
6 0.646875 0.8475134086589616 0.0375 0.023655668617910665
7 0.4546875 0.8690515444921687 0.0421875 0.05649543969514994
7 0.58359375 0.8698014991162373 0.046875 0.056522710772388504
8 0.51875 0.8522367492144329 0.05 0.03310339149054755
5 0.503125 0.8857395956236369 0.021875 0.03137726502711473
2 0.53203125 0.8866890172666098 0.028125 0.028288626463433175
1 0.32890625 0.10894477058625954 0.0375 0.07990566861791085
4 0.19140625 0.19251981898725318 0.05 0.20810339149054777
4 0.49453125 0.7052208486486989 0.0578125 0.17689884328594588
3 0.20234375 0.6519584515008104 0.0671875 0.28320338544042356
3 0.22265625 0.5606703761688456 0.09375 0.283357921544777
0 0.38359375 0.3553566831540461 0.01875 0.03135908430895542
3 0.403125 0.4703140626425414 0.059375 0.2378454336450254
3 0.428125 0.38842825838781525 0.0515625 0.29404998184962744
3 0.45234375 0.2557566589535493 0.046875 0.2346477107723885
3 0.4828125 0.11921517095560188 0.05625 0.21282725292686627
3 0.6578125 0.24210829117251906 0.0671875 0.20195338544042354
3 0.61953125 0.29657307737506844 0.05625 0.25345225292686624
3 0.60390625 0.42070092378427226 0.0890625 0.2661431504675383
3 0.7015625 0.45798782122674836 0.075 0.2504363372358217
4 0.86171875 0.1651695830324092 0.0640625 0.20818520472226432