7 0.40572692622015916 0.984375 0.028306807181592397 0.03125
7 0.3253081731950971 0.99296875 0.020394313231716588 0.0140625
4 0.5092741070365143 0.92265625 0.09308744554888229 0.1546875
4 0.6753282946885605 0.325 0.08866356596219109 0.2
3 0.19091290895354934 0.45234375 0.09982832493918155 0.2390625
3 0.48952312577606205 0.48203125 0.1076953670936593 0.2484375
0 0.7702867915653024 0.3984375 0.023646578258831142 0.0359375
3 0.794682803567355 0.42890625 0.10778627068445541 0.2640625
3 0.5938520774732643 0.5546875 0.11424534894328656 0.3
3 0.47532531215156204 0.72734375 0.106305583916172 0.278125
3 0.36828899609117516 0.5921875 0.11860559601642037 0.24375
3 0.2401923089301082 0.865625 0.15312604176169425 0.26875
1 0.6264135508368806 0.24296875 0.05359769867214013 0.08125