2 0.96171875 0.8688763660135047 0.025 0.03452044574527378
5 0.93828125 0.8742087606273105 0.021875 0.02981476502711473
8 0.90703125 0.875589453445718 0.040625 0.04398634933607006
7 0.86328125 0.881584923391489 0.0265625 0.0439045361043533
7 0.784375 0.8928446102579681 0.03125 0.04549430718159222
0 0.26171875 0.581210135145836 0.0171875 0.03134999394987581
4 0.11484375 0.6678556413923519 0.08125 0.22391019867214013
4 0.6390625 0.8498117068635637 0.1125 0.23971700585373235
1 0.2828125 0.31414535499341084 0.0359375 0.06427157825883115
3 0.33671875 0.4527402223816576 0.0859375 0.18643746974937886
3 0.3796875 0.4287714572563471 0.0984375 0.20526019262201595
3 0.303125 0.5619197796614459 0.090625 0.2255272408266178
3 0.4453125 0.4768095023376911 0.08125 0.23484769867214011
3 0.49375 0.4520913034691592 0.0765625 0.2051329275949012
3 0.57265625 0.5361441166026799 0.0640625 0.21443520472226432
3 0.73125 0.3089417880492611 0.0890625 0.16926815046753818
3 0.8984375 0.3161644564707802 0.071875 0.18323065651766238
3 0.35703125 0.7809833970496927 0.1140625 0.22097609621281222