2 0.08907978170454929 0.9424824157892404 0.022056807181592353 0.03137726502711473
5 0.11253091724316873 0.9446898104030461 0.01892271682251274 0.02979658430895533
8 0.14454853170454932 0.942159708041914 0.03616475897699045 0.03927157825883114
7 0.1890843268840891 0.9426818828081448 0.020557939695149675 0.04230567466803521
7 0.2687854624227085 0.9445620244950845 0.025254530054229285 0.04389544574527378
1 0.20088683089110987 0.28555972921734873 0.034720433645025486 0.059574987899751616
3 0.25779640280522925 0.5328932714700223 0.07636355386194263 0.23481133723582168
3 0.30603443578632483 0.632616015518094 0.09124418617910823 0.3755181504675381
0 0.7404861829576544 0.5089906005144205 0.022038626463433176 0.028252265027114733
3 0.7163810624461496 0.5286627510801545 0.07118517447164337 0.15040906615858277
3 0.6679162913689108 0.5242570522116227 0.03993517447164337 0.15022725897699055
3 0.640449821521336 0.503322383495516 0.08860902380771343 0.19113406010845857
3 0.6825742098886257 0.6265189889799061 0.11615328258831212 0.3600385962128122
3 0.5272958365484506 0.5258564345287883 0.06816016842151917 0.16757838544042353
3 0.5173032130118838 0.5540405218628057 0.09203400565734085 0.2427147408266178
3 0.3571833244482022 0.5612222836684666 0.08446694535249044 0.28485678903121964
4 0.016803764143351867 0.6053914819478232 0.028316939302366218 0.30171703610435346