4 0.7236567103796051 0.30205025410521663 0.04943743949875792 0.1721568011314682
3 0.43869239968197127 0.6052808349963265 0.10428856596219109 0.20059996369925487
4 0.6456650832288009 0.7282996575978169 0.05413402985783762 0.17374657220870696
3 0.2633418999765589 0.41176316003370383 0.044713578062439474 0.16587953005422928
3 0.4942656888113868 0.622926877249 0.08255901170746505 0.22547269867214012
4 0.0990294151018694 0.36974889773706365 0.04473175878059869 0.16900453005422927
1 0.6716578731437834 0.227350235954844 0.03000566256778665 0.0548602168225127
6 0.7303905829342133 0.9223445733870573 0.053352258976990544 0.03937157220870731
6 0.5820439865250094 0.9388331574996212 0.05805793969514959 0.04252384328594587
7 0.6546502395500715 0.9298167058024187 0.07526362041330899 0.04574883723582133
7 0.5055223931408678 0.9463098350945224 0.07213862041330898 0.04573065651766228
2 0.43680420939764647 0.9521785608940256 0.033030668617910666 0.0376908975406721
8 0.3688854563725843 0.9611677415139889 0.06584316861791084 0.03788179508134384
5 0.30172977262936296 0.9670273769544124 0.02364657825883123 0.03607385538619425
3 0.560425457354543 0.3115939466290366 0.06823289129415606 0.18007838544042354
3 0.5133413790957118 0.2759291574014252 0.06665221057599684 0.17694429508134393
3 0.4305606953524904 0.281879696432645 0.05249880698520073 0.16123748184962744
3 0.4927794151018694 0.367458127249 0.06979539129415606 0.18008747579950324
3 0.44792597823539004 0.44662799766230893 0.08219539734428025 0.16297269867214012
3 0.3967861799325923 0.5195842295119364 0.07934310811666875 0.20982951795398092
3 0.36549072813719424 0.5119535366935286 0.07315674063022612 0.22073065651766227