2 0.908806474424761 0.9660536892107329 0.09394998789975162 0.03546588001272681
5 0.7556223870907436 0.9576792098981866 0.031486349336070064 0.040988626670908704
7 0.8113315107255064 0.8640559318905506 0.03940793364502539 0.059829533338636054
7 0.8644701462641258 0.8657815165500053 0.04407725292686635 0.056759077339272324
4 0.42312246271729614 0.7466899026098208 0.0700226502711466 0.21954997867599957
4 0.2581817013044188 0.3290495112985471 0.055796523807713425 0.1912613466740906
0 0.2451084878015557 0.09637337130013789 0.020530668617910842 0.03773635733609078
1 0.32400616832332324 0.22827680462286565 0.04258747579950324 0.06924089600572696
3 0.8306021228491959 0.4161451432209143 0.0762544695529872 0.21649770401018137
3 0.5273736254814745 0.6704717532622759 0.11266466822512733 0.2981658746817265
3 0.4375020835233885 0.5324455892743665 0.057813541761694155 0.2694045280076359
3 0.4182248426967707 0.44203876527691166 0.05610559601642038 0.2443863466740906
3 0.3687339028052293 0.5301205679503659 0.06725217427525151 0.28045111600890865
3 0.35437596613514166 0.4795029499522749 0.04989195745273882 0.2505636213399088
3 0.32661405961747925 0.4079461232893202 0.06859650565734077 0.2429692973424542
3 0.23679758069471815 0.41367904996818333 0.057631734580101936 0.23815452800763595