2 0.86171875 0.94609375 0.0234375 0.03125
5 0.8390625 0.946875 0.01875 0.028125
8 0.80859375 0.9421875 0.0375 0.040625
7 0.76640625 0.93984375 0.034375 0.0390625
7 0.68828125 0.93515625 0.0359375 0.0421875
4 0.621875 0.8359375 0.0828125 0.2859375
4 0.17109375 0.32890625 0.0546875 0.2078125
0 0.584375 0.31015625 0.0171875 0.03125
1 0.73125 0.2640625 0.040625 0.0703125
3 0.68828125 0.7875 0.08125 0.23125
3 0.696875 0.615625 0.065625 0.184375
3 0.6171875 0.50390625 0.09375 0.2640625
3 0.5859375 0.37109375 0.05625 0.175
3 0.54765625 0.296875 0.0515625 0.203125
3 0.2921875 0.61796875 0.071875 0.3296875
3 0.19453125 0.3875 0.0484375 0.2203125
3 0.36171875 0.4734375 0.05625 0.2421875
3 0.45234375 0.44296875 0.0765625 0.228125
3 0.4546875 0.578125 0.0609375 0.2625