8 0.23887250147293795 0.9712336088040399 0.04239657825883114 0.03618293969514959
7 0.28345374844787585 0.9623807835702707 0.029914758976990453 0.039235216822513054
2 0.1872781852161593 0.9770023406536673 0.025181807181592353 0.031395445745273774
5 0.20837193521615932 0.9768796208060924 0.02520907825883123 0.03608294574527378
7 0.3546247665000526 0.9486859222321481 0.026807939695149764 0.04234203610435365
4 0.6606798446606879 0.8461275070320828 0.10465218032537571 0.26309996369925487
3 0.7331139017440844 0.7496156005144204 0.12357489714788841 0.2928965480082102
3 0.045500272255589225 0.7731466085094523 0.05417039129415604 0.17999657220870696
4 0.01001937373295861 0.41399886748644266 0.02003874746591722 0.19700226502711474
4 0.6092875998270493 0.2800394195998695 0.06355448165323559 0.1816136143631847
1 0.570543262394836 0.22557917857685988 0.04567611436318479 0.06276362041330899
0 0.5608546450065892 0.27953997073133763 0.0220658975406721 0.03293976502711464
3 0.5983268530485033 0.41837975693388696 0.0763453731437835 0.2316863372358217
3 0.5864990187395478 0.4371979346269841 0.09376922247985356 0.2724113311856975
3 0.5641326184684013 0.6560706544745589 0.1266908067888089 0.2913522287263694
3 0.5221047206331417 0.4946018893492484 0.0764362767345796 0.2473113372358217
3 0.4942751573032293 0.4439842658126816 0.10461581888905727 0.25684996369925467
3 0.4548672236582039 0.5035865247896719 0.1105476563212708 0.2021988251355733
3 0.360741015518094 0.30023478669352865 0.08880901170746487 0.22550906010845856
3 0.3952195128858153 0.5508069584346975 0.10457945745273882 0.25059996369925486