4 0.9066393227978822 0.3359375 0.09987377673457942 0.246875
0 0.6502842627876195 0.48828125 0.031504530054229284 0.04375
3 0.5557439224285399 0.48984375 0.0999555899662962 0.2609375
3 0.8293662121471307 0.8609375 0.1887362888348278 0.2125
3 0.2669202334207612 0.9859375 0.12360112646343309 0.028125
3 0.20308953757729148 0.94609375 0.1553147347764936 0.1078125
3 0.039234695941665614 0.31953125 0.07846939188333123 0.2203125
3 0.13640409085005895 0.32265625 0.07300220452587261 0.19375
3 0.3902608647559682 0.196875 0.06516243344863373 0.1890625
4 0.014352870609700644 0.26015625 0.02870574121940129 0.1828125
3 0.3817655460633026 0.5828125 0.1205408007386847 0.3078125
3 0.6250251875538504 0.5328125 0.13127831283893307 0.2734375