6 0.61953125 0.8862394226249315 0.096875 0.036501102262936055
7 0.528125 0.9008337086310891 0.04375 0.05962953005422946
8 0.46953125 0.8792995970965748 0.0546875 0.03781816256778683
5 0.4828125 0.9120348290443981 0.0234375 0.032948855386194256
2 0.45625 0.9114081151487514 0.0265625 0.0314045361043533
7 0.40625 0.8890427566392993 0.0453125 0.058076120413308986
6 0.3484375 0.8643790999252452 0.0375 0.028343168617910662
4 0.3109375 0.7481910185431561 0.0515625 0.12529998184962743
1 0.6828125 0.28274626308220707 0.0390625 0.06428975897699037
3 0.81953125 0.5319508566627406 0.0609375 0.1675420240041051
4 0.93515625 0.6945594200908488 0.059375 0.22378293364502538
0 0.67890625 0.2749564889799061 0.01875 0.02823408430895542
3 0.7 0.4717087691323313 0.0765625 0.1988829275949012
3 0.65625 0.46961954918656057 0.071875 0.27385565651766247
3 0.675 0.6265417148776051 0.1015625 0.23809087334017515
3 0.61796875 0.4948422629840111 0.075 0.20199883723582168
3 0.565625 0.49827179001317834 0.0703125 0.17540906615858276
3 0.5109375 0.654058702580965 0.084375 0.21924087939029935
3 0.49609375 0.3314888109922214 0.0703125 0.15978406615858284
4 0.40703125 0.27263196145975954 0.0609375 0.19254202400410508
3 0.15859375 0.6889210785534188 0.1 0.2583942829810956
3 0.196875 0.4105733647559681 0.071875 0.19729315651766247