7 0.2346911981221762 0.8986955334720748 0.038027258672817865 0.04553066861791066
7 0.1556213161202672 0.8850920966055955 0.03646475867281791 0.045521578258831144
5 0.08202927478513092 0.8722380934823375 0.022238626670908902 0.03137726502711473
2 0.057774162118040026 0.8692539940480717 0.028543170671545236 0.03610112646343282
8 0.11178040945253995 0.8775341266598249 0.03949885200509069 0.037727258976990544
4 0.5800486041135857 0.8334007689359396 0.0852124360279987 0.20673178903121964
3 0.6770503261059496 0.7765826214934635 0.08713856269890759 0.23799087939029953
3 0.6913475414146781 0.5952371727231275 0.09267949069063519 0.1770897408266178
0 0.7202692360359529 0.2606712751824555 0.020657945337363516 0.02980567466803503
1 0.715682280712907 0.3364843414392341 0.04138861600890866 0.06586134933607006
3 0.5980231607256337 0.4309252087292851 0.06911472135581712 0.16601588544042353
3 0.601366884070633 0.5168490731906656 0.10554311736154424 0.20841246369925487
3 0.5199350707351786 0.5016967718628058 0.1120112933640895 0.2271988251355733
3 0.525220912714816 0.3516558652469475 0.06764312802354447 0.17381929508134403
3 0.379190797382225 0.3579745638208917 0.09117153469127155 0.1817681504675382
3 0.29544250604708877 0.34517964803165124 0.0868112986950896 0.20986587939029935
3 0.2936185660804963 0.5913006691088901 0.10120106269890758 0.23807269262201594
4 0.2301442227084526 0.30649439793345545 0.06122949602163539 0.15972043364502547