8 0.7168884171639825 0.9954788687141797 0.04541249394987581 0.009042262571640692
7 0.6708173930616816 0.9913089893777707 0.04389544574527395 0.017382021244458555
7 0.5864969352161593 0.981434002705271 0.047129530054229464 0.03713199458945802
3 0.3686661032448949 0.5558896573838158 0.1456498850476402 0.32823518268618096
0 0.48391034992524523 0.35409189473263336 0.02363748789975162 0.034647720003181705
1 0.3469421359314029 0.2610856873806342 0.05833065046753818 0.08973520934118148
4 0.24421659085005895 0.3255198100334075 0.09663969242562417 0.22923406134627217
4 0.46164238096143323 0.9555885706954077 0.08804542154477701 0.08882285860918451
3 0.44144000703208286 0.6708066800604519 0.1268180718159236 0.3139545066836355
3 0.5039268923743105 0.5394935927354968 0.08869083703942984 0.205705654678545
3 0.5516740459651067 0.524423123408633 0.12477378278470379 0.23112382535009016
3 0.5130741125164731 0.7130492714035422 0.11910556576579942 0.3310511000159083
3 0.8177490187395478 0.45017020011135855 0.112555583916172 0.2794158746817267
3 0.5305580909482548 0.39369983473899667 0.14835672852997775 0.25639654535327183
3 0.4753802324388026 0.34305439739813337 0.0947499394987581 0.17296588001272664