6 0.16083438076504147 0.8244010780624395 0.05021816861791084 0.03779089149054791
6 0.1566917814289714 0.8650033521647404 0.04556703005422928 0.04401362041330899
7 0.11398210666274049 0.820222117290051 0.03303975897699045 0.0392533975406721
7 0.11061621214713065 0.8616101865718917 0.031486349336070064 0.040806807181592575
8 0.06245596809905898 0.8136721354404235 0.048673849336070066 0.04090680113146803
2 0.07233950732667045 0.860606222774441 0.028315897540671965 0.03297612646343282
5 0.04112132358344911 0.8549556655928487 0.023646578258831208 0.03607385538619425
0 0.10701553093799207 0.540484620315113 0.022120439695149673 0.04231476502711473
3 0.09289394360397456 0.5505590570833965 0.07948855386194267 0.2348295179539809
4 0.09163142545360195 0.4989874667243169 0.051245379193907634 0.21435339149054772
3 0.3045445159108774 0.5635095507386847 0.05458854781181852 0.25187157220870693
3 0.44564221458301756 0.4830776830558503 0.12319310206654457 0.2272715480082102
3 0.47749672346181204 0.37935324023744266 0.06362720452587248 0.1941136143631847
3 0.7427581090986275 0.44339860128097763 0.07308401775758924 0.20823065651766245
3 0.7613495486955812 0.33647189041039327 0.054306746680350314 0.20343407220870696
3 0.7856041392510525 0.4647423361556672 0.06838742739850953 0.20664088544042353
3 0.5503064678044713 0.6219725322937245 0.11867831888905726 0.25693177693097125
3 0.5825195249860637 0.5909088846548567 0.09530445140261463 0.267732921544777
3 0.5526547629840112 0.6212049178323439 0.08292262607064967 0.28797269867214015
4 0.7770699974659172 0.3201565440011894 0.044713578062439474 0.16587953005422928
4 0.637220139643836 0.7232628424021831 0.07180331888905726 0.25665906615858275
1 0.4307858708060923 0.2165759842855143 0.03944429508134384 0.06585225897699046