8 0.8871536673413646 0.88046875 0.04083407825883114 0.0359375
7 0.8426451432390636 0.884375 0.03148634933606971 0.040625
2 0.9394337848278074 0.86953125 0.025181807181592575 0.03125
5 0.9183763962641258 0.87578125 0.023646578258831142 0.0359375
7 0.7684763902140015 0.89296875 0.025254530054229285 0.04375
4 0.44259969144366557 0.8765625 0.1014362767345796 0.246875
3 0.34379857708048084 0.8140625 0.12046807786604771 0.2953125
3 0.9953135417616942 0.628125 0.009372916476611693 0.18125
4 0.9609021803253757 0.2625 0.05115447560311139 0.1984375
4 0.3237339784317818 0.31953125 0.06044766237139489 0.184375
1 0.3452271833504379 0.25390625 0.04568520472226432 0.0640625
0 0.37051352966144585 0.303125 0.02362839754067192 0.0328125
3 0.3752697282353901 0.44921875 0.07324764422102233 0.2359375
3 0.39332938182618626 0.46484375 0.09066240319801278 0.275
3 0.4789088544042356 0.671875 0.1220305778660478 0.2953125
3 0.4724447100850174 0.50078125 0.07333854781181834 0.2515625
3 0.4838316619786115 0.44375 0.10150899960721667 0.259375
3 0.5403452823919203 0.4890625 0.10900333703942984 0.2046875
3 0.5702817255049155 0.26328125 0.08569310206654457 0.2265625
3 0.6116026588553535 0.5171875 0.10304422852997774 0.2546875