7 0.7740809621259942 0.9236843595896067 0.036464758672817864 0.045521578258831144
7 0.8544315334579489 0.9130599560970065 0.03490225867281786 0.04551248789975162
5 0.9309031267902217 0.9048020285021051 0.0222386266709087 0.03137726502711473
2 0.9558758547899036 0.9023128327568312 0.02698067067154497 0.0360920361043533
8 0.9004707394573124 0.9081042905041578 0.03948067067154497 0.03616475897699019
4 0.3552582367918124 0.9198705758229444 0.08775563335454448 0.1567499697493787
0 0.8886941614019512 0.5003326971200159 0.025436352005090868 0.03764544574527395
3 0.9421566107574504 0.6633139652703887 0.10488968403881635 0.28652837334017517
4 0.9009839813812706 0.3479071338882994 0.06475448535963509 0.1941136143631847
3 0.7774652127227701 0.408786067435129 0.09515105736790748 0.25522383118569747
3 0.7069169027291335 0.45607467877325164 0.09335220003181668 0.2349022408266178
3 0.5282913687141797 0.34695018452878823 0.10696016669318062 0.1959215540583344
3 0.435150443387952 0.39983935607356524 0.07772720003181668 0.23481133723582168
3 0.34747081942231406 0.6534915969001831 0.10677944804263442 0.3146624636992549
3 0.3810731127466327 0.5868853590004315 0.09366128270208929 0.26146474082661797
3 0.5094435607494961 0.6072336995559029 0.08766582137172563 0.28330337939029937
3 0.6753332847708133 0.763310461852543 0.15192831604072551 0.30086358411256364
3 0.2042117154280411 0.6965154099355081 0.07970787070336201 0.2707579275949012
1 0.2546993273790433 0.33525974736772135 0.0509454293443631 0.08154089149054773
4 0.1880487240610881 0.44893642798768474 0.0745112933640895 0.22698065651766247