4 0.90703125 0.44003554655428195 0.090625 0.23490224082661798
0 0.63359375 0.518188859393215 0.028125 0.04235112646343318
3 0.54609375 0.49760416950167363 0.090625 0.2489647408266178
3 0.7078125 0.9013508173369331 0.178125 0.1900988009350762
3 0.15390625 0.9201983496306576 0.1203125 0.09288745764913067
3 0.103125 0.8728375363007451 0.1484375 0.17742608411256383
3 0.11015625 0.21420287968488694 0.075 0.21137383723582168
3 0.2 0.24258643403780894 0.065625 0.18475679508134393
3 0.4640625 0.18558141335335354 0.0578125 0.18158634328594586
4 0.0828125 0.15029946096878027 0.0640625 0.17537270472226432
3 0.3640625 0.5424131963344491 0.109375 0.2943863251355733
3 0.6 0.5543218021134267 0.1203125 0.26163745764913066