2 0.8557269262201592 0.9744843545512779 0.02518180718159222 0.031540901336727246
5 0.8315172665792389 0.9763286652212326 0.02047612646343282 0.028361357336090975
8 0.7986729503224601 0.9712417232256868 0.033039758976990366 0.0394443080044546
7 0.7533468147838407 0.9694252318985047 0.023692030054229464 0.044022720003181706
7 0.6697257937066018 0.9657104332431861 0.028397710772388507 0.047202264003817974
3 0.7215730773750684 0.6111769272358681 0.11757033684303834 0.33572041868236296
3 0.6853078035673551 0.42096100724064067 0.0812874031980126 0.27592724801081764
3 0.6596038216195318 0.4345422492441404 0.09709421037960517 0.307359061346272
3 0.5722134268093344 0.5886944945894581 0.1264271863754999 0.24676700668363552
3 0.6204469146108901 0.687358713916322 0.10192715612487895 0.3324136053469086
3 0.19205829419758116 0.6470278993077739 0.11570785499341082 0.2841397373488174
3 0.07966335420784389 0.8006897959898186 0.11763396935659551 0.34665791868236295
3 0.05975381254434551 0.46730513132559126 0.11563513212077385 0.2716397373488174
3 0.1483072524358869 0.37876879531350094 0.106305583916172 0.27934314934754473
0 0.5041088423039872 0.7004319732654577 0.026817030054229286 0.04405908267027261
1 0.7022493429913583 0.244189421904868 0.05519656010845857 0.08813634667409058