8 0.14217930865453032 0.9405472110669761 0.04238748789975157 0.03462043969514959
7 0.1898355586545303 0.9402699551150479 0.029923849336070063 0.040797716822512695
2 0.0859656700908488 0.9346244639938422 0.02361930718159235 0.031386355386194255
5 0.10859464901360993 0.939180153787188 0.02364657825883123 0.03607385538619425
7 0.2679423779363711 0.9429404371610669 0.023692030054229284 0.04388635538619425
4 0.6120469019404762 0.880003058163551 0.08260446350286302 0.23328519867214012
3 0.7084997211241211 0.8177252510801545 0.1017908007386847 0.30839428298109584
3 0.0006165817748726324 0.6890488644613806 0.0012331635497452647 0.19065227107723892
4 0.014665446236253207 0.299123301229664 0.024655608116668774 0.20951135538619425
4 0.6841921510567135 0.29600933236404786 0.04800220452587247 0.1940227107723885
1 0.6548909913175971 0.22977579918656055 0.044122704722264317 0.06431703005422928
0 0.6326978287498106 0.2845905642136752 0.022074987899751618 0.03450226502711464
3 0.640400723560008 0.4376655672387373 0.0561237767345796 0.24719316256778665
3 0.6238899344305924 0.45572976600907333 0.07199421642972936 0.28947156615858277
3 0.5530496727231273 0.6811342869881163 0.10490671037960517 0.3068499636992549
3 0.5439342688377437 0.5022871243221338 0.05466127068445541 0.26437157220870694
3 0.527096747662309 0.4422308682720096 0.08438513212077385 0.2707942890312198
3 0.47210017545360194 0.4956740308397962 0.09809310811666876 0.20993860226293623
3 0.41956202449508434 0.260831398228043 0.07169423458010193 0.23790906615858276
3 0.39845359719477075 0.5320387777165383 0.08747377068445542 0.264562469749379