3 0.27734375 0.8132302112633678 0.1671875 0.37128516842151915
3 0.33046875 0.8730773890546608 0.0859375 0.25049996974937905
3 0.3921875 0.734437069871016 0.28125 0.528198764634331
3 0.4421875 0.7341461783804683 0.365625 0.5286896440246306
3 0.78359375 0.7563786849215717 0.2234375 0.4262999213483855
3 0.853125 0.8200366639425287 0.0953125 0.26305451190385654
7 0.596875 0.891058732831586 0.04375 0.06744203005422947
7 0.53828125 0.8976496212970716 0.0390625 0.06272725897699019
2 0.57890625 0.8302257719610016 0.096875 0.04118860226293606
8 0.50390625 0.8431621091968232 0.0390625 0.03616475897699019
1 0.07265625 0.1558272983027978 0.1421875 0.21488972267624523
1 0.67421875 0.759358760057145 0.025 0.04389544574527378
0 0.3671875 0.8892700156162899 0.0921875 0.15053633118569748