3 0.4403842639242762 0.5630123613939972 0.14476924936345323 0.2235295013526354
3 0.693064915937321 0.46984580609481374 0.0929522106938169 0.20105451734563573
3 0.09380016526100333 0.5339761053469084 0.11186584269572594 0.21533519334818116
3 0.4307012759389119 0.4550725920591791 0.09618629869508961 0.21046588001272665
3 0.5858160372772299 0.42015379408017817 0.1041987933640895 0.22774428668045382
3 0.6264024852403225 0.6925378714194507 0.11797039202736244 0.20290791868236296
4 0.5886104892186872 0.8514947007479055 0.16720787070336202 0.27222154002227156
3 0.2042307772915474 0.31023061736154417 0.08532152402927143 0.21658861067790855
3 0.6187990705760951 0.6744782147517234 0.1289624360279987 0.20772268801718105
3 0.7191739772835932 0.374824207431541 0.05761360001590834 0.11784202800763603
3 0.5418307746260473 0.3055640354073602 0.0898999360279987 0.20726815467854492
4 0.3755517939608654 0.29269022338477035 0.08835561736154425 0.20881247334499947
0 0.6007121419080497 0.6844253794159507 0.028543170671545326 0.03626476400381797
1 0.7559205466263655 0.30571112810308615 0.04300566000954511 0.07080339600572697
8 0.7289531312062786 0.9445463614337679 0.0551965773392725 0.04438634667409076
2 0.7881554085375969 0.960081002108495 0.056795440006363405 0.04752952800763595
7 0.7877190565325062 0.9928265833863612 0.036210220003181706 0.0143468332272775
7 0.6597758698679607 0.9787953533776115 0.038027258672817865 0.04240929324477705
5 0.6657991505410967 0.9328725174251776 0.03800907733927232 0.04418635200509087