4 0.5542082172183689 0.8499249187022484 0.08325104137490716 0.3001501625955033
4 0.7159767992918655 0.3138412540976773 0.07127720536281679 0.21798747867599957
0 0.4823103239576838 0.31737314473263334 0.017587489337999786 0.034574994668999895
4 0.059500079965001604 0.2585397533418178 0.06826129336408951 0.22732611600890867
3 0.0535836979233217 0.5655437313414996 0.09091809070654362 0.29476815467854484
3 0.16745584126354865 0.5160806280235444 0.09696809603754372 0.27765338001272666
3 0.2722069759309577 0.5118300273710892 0.07665559603754372 0.2774170226766358
3 0.33924048193827555 0.4586964840467706 0.07656468936981646 0.2696045226766358
3 0.4633063326305017 0.27183337806331526 0.06426468403881636 0.2866465720082723
3 0.47706884062700183 0.2977782600652243 0.04860222668681722 0.14898294000636342
3 0.4515784919637289 0.2724782680617245 0.09771353071290712 0.3417158800127266
3 0.39202857992523066 0.5554174900540885 0.10187377204008907 0.29645792401336307
3 0.5305734592616396 0.5343702880728604 0.15478059603754382 0.2783260893539081
3 0.8375297945576413 0.8129792827816311 0.12402149204327059 0.3201499626829992
1 0.6772421106381377 0.21806513009226852 0.04467724801081765 0.0801965773392725
6 0.07461162388609614 0.8400442920114539 0.050472714672181576 0.04120680267345449
6 0.07168607121264191 0.8900170200111358 0.05045453333863612 0.03964430267345449
7 0.01606332721995976 0.8354562420034999 0.03016021467218156 0.04097044533736351
7 0.012932520607911793 0.8869732886696362 0.025865041215823587 0.04251476400381797