6 0.23905482953537743 0.8084493460164204 0.09867384933607007 0.04119769262201593
7 0.3255508657379268 0.8472351109453392 0.05347952400410509 0.061246572208706954
8 0.39120313681516566 0.842929406026683 0.05336134933607006 0.0409340722087073
2 0.3980298537358743 0.8781265626425412 0.031404536104353474 0.026744307181592576
5 0.3691508748131131 0.8732708909995684 0.025172716822512698 0.029832945745273776
7 0.45197701035173254 0.8714089300307883 0.059765885440423536 0.0675329336450254
6 0.5176610976857501 0.8616344751121321 0.042369307181592396 0.031495439695149584
1 0.36435741578924047 0.08571634884509075 0.05519656010845857 0.0878181625677866
4 0.5590815041052166 0.7251520744482022 0.1153987827847038 0.23035109621281222
4 0.8580750786516147 0.22843719749378977 0.0919703731437835 0.2317772408266178
3 0.6691251663784156 0.47656510440423555 0.11100217427525153 0.2803238251355733
3 0.538152422330344 0.4281452642415477 0.11092945140261463 0.2678238251355733
3 0.5183217113615637 0.3452145895735127 0.11232832493918146 0.2397079154946528
3 0.5504302294137405 0.33211969193464486 0.10296241529826097 0.24121587334017516
3 0.49223138915285675 0.39818959864869896 0.14047150565734084 0.242996541958086
3 0.42002965710683765 0.31964189695149675 0.12313855991206672 0.21789654800821018
3 0.4394705243968886 0.2010009812604522 0.11547150565734085 0.24285109621281215
3 0.3782365459651067 0.5201867976154266 0.12044989714788859 0.29287836729005096
3 0.12157747980652393 0.5890084787263694 0.10618740924813692 0.2584215540583344