6 0.3238792814289714 0.8640625 0.09387726502711465 0.021875
6 0.6020088266085113 0.86328125 0.037627265027114734 0.021875
7 0.4143815615813965 0.88515625 0.04093407220870695 0.053125
7 0.5409440615813965 0.88515625 0.04407725292686635 0.05625
8 0.47697701035173257 0.86875 0.040806807181592394 0.03125
5 0.46116111281106054 0.9015625 0.020494307181592397 0.03125
2 0.49084861281106057 0.9015625 0.020476126463433175 0.028125
0 0.4931989915139889 0.36328125 0.020521578258831143 0.0359375
3 0.45395922951193635 0.39375 0.06072946350286301 0.2328125
4 0.16598302742195065 0.20703125 0.07623628883482798 0.2125
4 0.955733790307766 0.76015625 0.08114195745273882 0.25
3 0.5541960997288535 0.21875 0.04496810811666876 0.209375
3 0.40531213037225805 0.5640625 0.10158172247985356 0.271875
3 0.4634877238545956 0.6359375 0.10468854176169415 0.26875
3 0.3108813952029809 0.4125 0.11704309601642038 0.24375
3 0.21171264217791883 0.40390625 0.06392718637549999 0.2453125
3 0.09761325986075323 0.54453125 0.06561695140261463 0.2671875
3 0.6812802536142373 0.39765625 0.07161242134838534 0.2234375