4 0.30152807933898573 0.6755665847999348 0.06195562021691714 0.1753545240041051
3 0.1696927929400446 0.5083705153217022 0.08110559601642038 0.2442136083130606
3 0.03697223829253505 0.5825897862025494 0.0739444765850701 0.2660704275949012
3 0.5840830667477579 0.31534111534514336 0.06341812626704132 0.1581761143631847
3 0.6018609192070861 0.3480490762157277 0.07154878883482799 0.21290906615858277
3 0.6074427778147341 0.4628564647794093 0.13873628883482797 0.2132999515990063
3 0.7248984434075828 0.4160809378484379 0.06991356596219092 0.20039997579950325
3 0.8655683743221338 0.5418207603517325 0.09820219242562445 0.2286886022629364
0 0.6029603317748726 0.29335703103618793 0.02366475897699054 0.039198855386194255
3 0.5133018923743105 0.5305893863241863 0.053662372947391644 0.36123748184962745
3 0.5005024314055303 0.4478541543763631 0.09198855386194253 0.2349022408266178
3 0.4532814768796577 0.6418723199692118 0.07528284289316237 0.31761474687674196
1 0.8393119639938422 0.08652018199470547 0.03631020472226467 0.0642715782588312