0 0.6089173967615865 0.6922280272517766 0.025454533338636055 0.039353401336727246
4 0.7298031561107222 0.8072434052355499 0.09651356269890758 0.23859088001272682
4 0.6973408133752252 0.3005212379058225 0.05190904002227157 0.16464430267345423
1 0.6960413953691802 0.2559990785725953 0.04307838534372692 0.07705339600572696
4 0.08276124005408843 0.3975284333227277 0.07405676002545336 0.18833634134309046
3 0.20516404606936045 0.5086193799729558 0.08721128803308939 0.2447317920114541
3 0.34118336207031497 0.5140688539545021 0.08381356802990769 0.2212579293443632
3 0.5678742260900413 0.6567632419239581 0.11157494135899881 0.19033519334818116
3 0.659416288749178 0.6002217932447768 0.0820510733609078 0.20405224801081764
3 0.6813367420830416 0.6038735045751406 0.06553628270208929 0.26166475334181777
3 0.5851498960454979 0.32839279392109455 0.058377216024817005 0.18346702800763603
3 0.5666726160486796 0.35204846992363986 0.09257040268936265 0.16824201734563582
3 0.5248032893857248 0.37988311592936685 0.09756698535963508 0.19485906134627218
3 0.5681811193904973 0.4145393792568671 0.07412948535963508 0.19458634134309047