6 0.620263402038672 0.9484375 0.10019998789975162 0.034375
6 0.33297248029750326 0.9125 0.040788626463433175 0.028125
7 0.5241105647046546 0.95859375 0.050354524004105096 0.0609375
7 0.3937327182954507 0.94296875 0.05192611436318471 0.0625
8 0.4617560104499285 0.93359375 0.05491475897699054 0.0390625
5 0.47326568219109716 0.96953125 0.02519998789975162 0.034375
2 0.44437761290925637 0.96640625 0.03299430718159222 0.03125
0 0.24231320238457327 0.38125 0.02051248789975162 0.034375
4 0.29960404849918953 0.20234375 0.07469196955298721 0.215625
3 0.5549137172152963 0.2296875 0.0731385599120669 0.2171875
4 0.3510553806668456 0.75859375 0.09024424668035032 0.203125
3 0.18130752469147615 0.39296875 0.12324764422102223 0.2359375
3 0.5932580788480064 0.353125 0.07471015027114643 0.21875
3 0.6202654855620605 0.4109375 0.08889991529826116 0.240625
3 0.5740353801758662 0.434375 0.11240104781181834 0.2515625
3 0.4586598441697086 0.52578125 0.09367831888905727 0.25625
3 0.39063655201523095 0.53515625 0.10616013817089805 0.253125
3 0.3857723108940255 0.43125 0.0842396863754999 0.2453125
3 0.8298798174351291 0.77265625 0.08110559601642038 0.24375
3 0.741390010057145 0.67421875 0.1139271863754999 0.2453125
1 0.7259938316766767 0.23203125 0.04736587939029935 0.084375