6 0.6323161764165508 0.8546875 0.09236930718159223 0.03125
8 0.4893337908779315 0.85234375 0.040806807181592394 0.03125
5 0.5027968480595237 0.88359375 0.0220477168225127 0.0296875
2 0.47544400770044426 0.88203125 0.028297716822512697 0.0296875
7 0.42768776375056844 0.86484375 0.04406816256778647 0.0546875
6 0.37130140836437414 0.84140625 0.03609203610435348 0.0265625
4 0.08194749599297926 0.65703125 0.08443058391617195 0.278125
1 0.4361334636010589 0.16796875 0.044222698672140126 0.08125
3 0.4072509812604522 0.440625 0.07491013817089805 0.253125
3 0.4054708335233885 0.5375 0.07667262607064966 0.2875
3 0.6441878998783631 0.478125 0.09527718032537572 0.2625
3 0.5954650953290492 0.69765625 0.13096924063022614 0.2203125
3 0.9207094932625047 0.47109375 0.11406354176169416 0.26875
3 0.8476310624461496 0.5328125 0.106305583916172 0.278125