2 0.08515625 0.9948170754301607 0.0546875 0.009693162567786828
5 0.228125 0.9830478075743759 0.0375 0.031468168617910665
7 0.1609375 0.8928136930147994 0.046875 0.06746021077238851
7 0.10234375 0.8978420814802849 0.05 0.06435339149054756
4 0.58125 0.7317746364223823 0.0890625 0.24426815046753808
4 0.7375 0.2582093505144204 0.0703125 0.21290906615858277
0 0.7375 0.010391036693528689 0.025 0.020782073387057377
1 0.6578125 0.15164170882748093 0.05 0.07685339149054778
3 0.1109375 0.39779208450534714 0.096875 0.24275110226293634
3 0.4609375 0.6566933440715127 0.1390625 0.333621541958086
3 0.55234375 0.49678655806535515 0.078125 0.2973295179539809
3 0.56796875 0.395133154474559 0.075 0.2723113372358217
3 0.62890625 0.4893098804704539 0.0890625 0.31145565046753826
3 0.640625 0.43142920277735675 0.0671875 0.2769533854404235
3 0.66640625 0.35002921185254304 0.0875 0.2708215601084586
3 0.76640625 0.3494474288714475 0.075 0.2644988372358217