4 0.8617631600337038 0.2659599233914888 0.05104539129415606 0.17997839149054773
3 0.9550444856602563 0.4813536401158057 0.049628337039429836 0.20496930113146802
3 0.5975092416121848 0.43161569788657317 0.06527151775758924 0.20818520472226432
3 0.4682358738311544 0.22538790290342514 0.039953355189802406 0.15335225897699045
3 0.278277452580965 0.5125737646343312 0.07149424668035032 0.20353406615858277
4 0.3716178655415351 0.7178112313586481 0.0495101623713949 0.1846568011314682
3 0.11439623888171022 0.6147488221105112 0.07466469847574837 0.21136474687674217
0 0.3532375877268009 0.2512822615110732 0.015779536104353474 0.02665340359079611
3 0.3789410487937771 0.3990930476154267 0.0760726623713949 0.1848113372358217
3 0.38579503679172455 0.429602704231285 0.05889425273047451 0.18627384328594587
3 0.3916410366935287 0.36479077048806363 0.055869246680350315 0.20344316256778666
3 0.3842694191088902 0.2889640686926656 0.03177724082661779 0.0908068071815924
3 0.3575569281840765 0.31459078258831213 0.048038565962191096 0.2002727107723885
4 0.29768702449508444 0.26502205376374677 0.0431692587805987 0.16899543969514969
1 0.3832841569104459 0.18973622833358597 0.033067030054229285 0.043940897540671965
6 0.6517224802975032 0.9163224959929792 0.04864657825883114 0.036219301131468026
6 0.5072003206565828 0.9139191377781145 0.053352258976990544 0.03937157220870731
7 0.578289525477043 0.9151139991162373 0.06898634933607006 0.04102497579950324
7 0.4337764561952023 0.9111481409013727 0.06741475897699054 0.03945338544042372
2 0.3705088417338217 0.908436231358648 0.029887487899751618 0.034547716822512696
8 0.30254463691336153 0.9072595507386847 0.04865566861791084 0.03778180113146803
5 0.23771906763152076 0.9037573008368807 0.031477258976990455 0.03924430718159257