6 0.6292344019404762 0.88359375 0.09389544574527378 0.025
7 0.5392815676315207 0.90234375 0.02532725292686635 0.05625
5 0.49232020922026437 0.9171875 0.022038626463433176 0.028125
2 0.4641997543998042 0.91640625 0.022011355386194253 0.0234375
8 0.4792298567609364 0.884375 0.050181807181592396 0.03125
7 0.41586679352921985 0.8984375 0.04095225292686635 0.05625
6 0.3558605344540335 0.87265625 0.03607385538619425 0.0234375
1 0.7206250756265525 0.21484375 0.042632927594901206 0.0765625
4 0.793530789620395 0.30625 0.05746810811666876 0.209375
3 0.6757251452029809 0.4125 0.09045332493918146 0.2390625
3 0.6570074823406067 0.27265625 0.05116356596219109 0.2
3 0.6209376512531051 0.4296875 0.05765900565734068 0.2421875
4 0.47992072405098735 0.765625 0.05859427088084708 0.134375
3 0.6408496545727548 0.6328125 0.07004083098930565 0.221875
3 0.6426207119507389 0.73125 0.05905787919390768 0.2140625
3 0.43559102459328025 0.328125 0.11674311416679295 0.1921875
3 0.3457376633533535 0.4640625 0.05749537919390768 0.2140625
4 0.17129724131759713 0.23359375 0.055869246680350315 0.203125
3 0.15910020570422295 0.584375 0.07494649960721658 0.259375
3 0.28430473878351437 0.54921875 0.05925786709365921 0.2484375
0 0.22308647941374046 0.32890625 0.017369307181592398 0.03125
3 0.2088285366935287 0.3625 0.06693401170746496 0.225