4 0.5109375 0.9171875 0.0875 0.165625
1 0.50234375 0.3265625 0.0609375 0.0890625
3 0.75703125 0.67578125 0.1328125 0.28125
3 0.5671875 0.57734375 0.084375 0.3
3 0.575 0.66953125 0.121875 0.3328125
3 0.3921875 0.62421875 0.1078125 0.3078125
3 0.31328125 0.42578125 0.06875 0.23125
3 0.33984375 0.459375 0.1046875 0.259375
3 0.10703125 0.6875 0.1125 0.328125
0 0.51328125 0.33046875 0.028125 0.040625
6 0.28203125 0.91953125 0.0515625 0.0359375
6 0.2875 0.96171875 0.0453125 0.0390625
7 0.234375 0.928125 0.0328125 0.0359375
7 0.240625 0.9703125 0.0328125 0.040625
8 0.18125 0.93359375 0.046875 0.0375
2 0.2015625 0.978125 0.028125 0.03125
5 0.1703125 0.98203125 0.0265625 0.03125