2 0.012814066895051782 0.8501909040022271 0.025628133790103563 0.03626476400381797
5 0.034076438044829675 0.857485783338636 0.02361930718159235 0.0315227200031817
8 0.06686621214713064 0.8617738413430904 0.03619203005422931 0.044168170671545326
7 0.10978041999265294 0.8716488280155902 0.028388620413308897 0.04563976400381797
7 0.18780542604277714 0.8897453946928625 0.033085210772388504 0.0472568080044546
3 0.6886821248131131 0.8747027447087709 0.14837490924813695 0.25059451058245835
3 0.6740303141154793 0.5774128580919503 0.12521921037960518 0.30768632535009016
3 0.6505928141154793 0.5771401380887686 0.14101692720211786 0.33755563868554467
3 0.716013281036188 0.6130600040976774 0.14866580073868468 0.30952154535327187
3 0.6015467809379921 0.5468799260820871 0.14240671037960517 0.30788632001909005
3 0.45046502820751755 0.7310720180617245 0.16008508976990452 0.3924613146880899
3 0.285544531036188 0.6080510467059073 0.15497034289316236 0.3189692706874535
3 0.20278254889197295 0.46410959536122603 0.12200330678880889 0.29202496268299927
3 0.07255521428842995 0.7477386133434086 0.1451104285768599 0.3517272266868172
4 0.7136842083365016 0.3419208007638137 0.08884537314378349 0.23226815467854492
4 0.5471031579906004 0.9036539007001803 0.1183419756031114 0.1926921985996394
1 0.6953205485973853 0.2752963747612684 0.059947692622015936 0.09912839067472685
0 0.6946256570086418 0.2604435340944956 0.02522725897699054 0.039353401336727066