2 0.8570894383204075 0.9450457543016084 0.023628397540672096 0.032948855386194256
5 0.8336610286794872 0.9467446096878026 0.018922716822512696 0.02979658430895533
8 0.8023837576022483 0.942238916869395 0.039307939695149584 0.04241475897699019
7 0.7578343268840891 0.939372992103164 0.03617384933607006 0.04083407825883114
7 0.6765570558068503 0.935158190775304 0.03775453005422928 0.04396816861791066
3 0.4126702551663614 0.5640245759211402 0.09705784894328655 0.30055451190385674
0 0.4903947584860111 0.36044051278761946 0.018931807181592396 0.03135908430895533
1 0.3501601230455876 0.29406659992524525 0.04577610831306052 0.0799511204133089
4 0.2638731651018694 0.36878986485416404 0.06217378883482798 0.2128545240041051
4 0.5562763720636289 0.9413268984244347 0.07408291549465282 0.1113647468767418
3 0.4968321526088376 0.6611944917103806 0.08136921642972936 0.2895261083130606
3 0.5359077672666098 0.5289314375538503 0.05891243344863373 0.18939884328594586
3 0.5779770925985748 0.5083734978587007 0.09027151775758924 0.20833065046753826
3 0.5688753242518104 0.6896825851927181 0.0705408007386847 0.3082124757995032
3 0.8156356530016211 0.399955968099059 0.07181240924813678 0.25822156615858277
3 0.5397862253085238 0.3898416664766115 0.10915787314378349 0.2318772347764936
3 0.4817419211519936 0.35033425976255733 0.06964994554888211 0.15508747579950316