4 0.88515625 0.3311065245465055 0.0703125 0.19613066000954502
3 0.965625 0.5684514358689151 0.06875 0.22267497867599956
3 0.5875 0.48925756858691277 0.0875 0.22758065467854482
3 0.46796875 0.2578359406031393 0.05625 0.16784202800763603
3 0.23828125 0.5519148466343197 0.0953125 0.224546561346272
4 0.3203125 0.7790853266231839 0.06875 0.20236247867599957
3 0.053125 0.6493818346594549 0.096875 0.23393974267981754
0 0.34140625 0.2772773786203203 0.0203125 0.0299238573360908
3 0.35625 0.43726090595163863 0.096875 0.20425224267981754
3 0.3609375 0.47080011195100224 0.0796875 0.20405224801081764
3 0.371875 0.40192284261618416 0.078125 0.2227840666772721
3 0.37109375 0.3191194332829569 0.0421875 0.09892839600572696
3 0.33984375 0.34448305995386574 0.06875 0.21798747867599957
4 0.28125 0.2873523599618199 0.0609375 0.1835215720082724
1 0.37890625 0.21199727661522966 0.0390625 0.05045453333863614
6 0.44921875 0.9846166166056847 0.0578125 0.020985209341181487
7 0.525 0.9876410719287305 0.075 0.01337270401018138
7 0.37265625 0.9776950019494114 0.071875 0.021148841343090297
2 0.30390625 0.970682480625411 0.0328125 0.014444308004454242
8 0.23125 0.962152912635274 0.053125 0.016243165340544864
5 0.16328125 0.9543500506445011 0.0328125 0.016006808004454243