2 0.05198610071081215 0.8668557018935938 0.026762487899751573 0.034529536104353296
5 0.0746105344540335 0.8721926416869394 0.022056807181592353 0.03137726502711473
8 0.10741394409495389 0.8735642441462674 0.040879530054229285 0.04398634933607006
7 0.15035542301771504 0.878001759271578 0.039307939695149674 0.04241475897699019
7 0.22997474532461792 0.8892569009585175 0.040897710772388504 0.047111349336070064
1 0.7062398678792261 0.26619456733693314 0.044122704722264317 0.06431703005422928
4 0.7796086693052819 0.41185652528065136 0.0683419756031114 0.19882838544042353
4 0.3610728136245 0.2432035366935287 0.06342721662612102 0.1597386143631847
4 0.2579139138443328 0.7867540696746242 0.07270222267624522 0.14260565651766247
0 0.3014382175098838 0.4224506751590143 0.01894089754067192 0.03292158430895533
3 0.3217552626894236 0.42155125049097925 0.11044766237139489 0.1850113251355733
3 0.363343319871016 0.3900603559753695 0.10141809601642038 0.24433178298109554
3 0.34567909690018317 0.33782114510478506 0.05731357201231528 0.18313975292686627
3 0.27477624444085513 0.30542225644290766 0.060420391294156064 0.18003293364502548
3 0.17754113349551598 0.6364455183467643 0.10302604781181843 0.2521533733401752
3 0.345274055040293 0.5417228499252452 0.07788060206654457 0.2270079275949012
3 0.5848410699692119 0.4536132749860637 0.1028351502711466 0.21934087334017516
3 0.6655001966290367 0.5547030763139237 0.08254083098930565 0.22234769867214013
3 0.7250297327333902 0.527795142668898 0.07166696350286302 0.23322156615858275
3 0.8581184469236243 0.748107121788051 0.10460672852997774 0.25528746369925487