6 0.5951093868151657 0.840625 0.09702953610435347 0.0265625
6 0.308454269328723 0.8296875 0.039207945745273955 0.025
7 0.5004690525062102 0.859375 0.04407725292686635 0.05625
7 0.37080882358344913 0.8546875 0.04564884328594587 0.0578125
8 0.43729688681516565 0.840625 0.051762487899751616 0.034375
5 0.45116394409495386 0.87421875 0.022065897540671918 0.0328125
2 0.42226223927449363 0.8734375 0.0298602168225127 0.0296875
0 0.17395863300453665 0.31328125 0.018940897540671964 0.0328125
4 0.2140756146577723 0.13203125 0.05591469847574837 0.2109375
3 0.4679545935805335 0.13671875 0.05435219847574828 0.2109375
4 0.949870651449497 0.559375 0.048274915298261334 0.240625
4 0.31403262451852554 0.6765625 0.07301129488495217 0.1953125
3 0.11447909387512105 0.33125 0.10131810206654457 0.2265625
3 0.5164779311109428 0.25625 0.05592378883482816 0.2125
3 0.5481910185431561 0.3109375 0.06699764422102224 0.2359375
3 0.5050631872592628 0.33828125 0.09048059601642038 0.24375
3 0.39901265427816723 0.43828125 0.07176695745273882 0.25
3 0.33252004586691086 0.453125 0.0842487767345796 0.246875
3 0.31983421438662585 0.35078125 0.06232832493918154 0.2390625
3 0.7860667058024189 0.64921875 0.059203324939181456 0.2390625
3 0.690491106269957 0.56015625 0.09356923458010194 0.2375
1 0.6375540212736306 0.125 0.03953519867214013 0.08125