4 0.7591624183233232 0.23644007415361462 0.09368740924813679 0.2583488311856975
3 0.1518453428931624 0.31806017447164325 0.1437146803253758 0.2633272226762452
3 0.14917642348968468 0.7992783582148647 0.14374195140261464 0.26801472267624504
3 0.26112086982413374 0.4358794544276767 0.09868398145684391 0.31150110226293626
3 0.6091225534691592 0.49727705932289173 0.13146012002052548 0.30544199980360814
3 0.8190373880727023 0.32272300779864005 0.08142375858420721 0.2989011083130605
3 0.7046946495837755 0.6767332760472086 0.13152375253408266 0.31637949980360836
0 0.7987890414671066 0.4679127879510652 0.02209316861791084 0.037627265027114734
6 0.679163905339312 0.853922489942855 0.09232385538619425 0.023973831185697493
6 0.4097144685710286 0.8664169030016211 0.03609203610435348 0.02677157825883114
8 0.5308036733914887 0.8663401558302913 0.03924430718159222 0.03147725897699054
5 0.5489496853935414 0.8969134449597072 0.02046703610435365 0.02668067466803521
2 0.520052525752621 0.898307773316734 0.028270445745273775 0.025163626463433175
7 0.5918138962641257 0.8791946798343965 0.047202252926866174 0.056522710772388504
7 0.4691894625209043 0.8839498366466465 0.04720225292686635 0.056522710772388504
1 0.8918698583130606 0.0848735498549219 0.05056360226293606 0.09716589149054777