4 0.8203125 0.3702275614832007 0.0625 0.2019261143631848
4 0.53203125 0.7320609827333902 0.065625 0.14413179508134383
4 0.1578125 0.21705062373295864 0.0609375 0.1987920240041051
0 0.228125 0.3377353075743758 0.021875 0.037627265027114644
3 0.3484375 0.24875409992524525 0.0546875 0.17531816256778665
3 0.21015625 0.4644023467037914 0.078125 0.2692045179539809
3 0.2984375 0.49123249141579295 0.0859375 0.22081246974937904
3 0.353125 0.4979455788480064 0.0703125 0.27228406615858275
3 0.396875 0.37034729879377715 0.0640625 0.22068520472226433
3 0.52890625 0.3187979134515494 0.078125 0.2082670179539809
3 0.6578125 0.2821104588274809 0.059375 0.1300329336450255
3 0.65 0.403249660622879 0.071875 0.22854315651766247
3 0.76171875 0.5705684499486864 0.0875 0.22238406010845857
3 0.71328125 0.7411627510801545 0.1 0.21776928298109563
1 0.7109375 0.22789513661877395 0.0421875 0.07368293969514968
6 0.60390625 0.8566428262157277 0.0890625 0.027080650467538093
6 0.34375 0.8300313710024841 0.0359375 0.02677157825883114
8 0.4609375 0.8480995940715129 0.0390625 0.033039758976990186
5 0.4734375 0.8792768711988757 0.0203125 0.02668067466803521
2 0.4453125 0.877096747662309 0.028125 0.025163626463433175
7 0.5171875 0.8688660911446465 0.0484375 0.05653180113146803
7 0.3984375 0.8562757084346974 0.0484375 0.05653180113146803