6 0.5774548132161417 0.86328125 0.09102498933799978 0.034375
6 0.31856161855509607 0.821875 0.03780908267027261 0.0265625
7 0.4898729972151873 0.8703125 0.04752952800763595 0.05625
7 0.37291276388450534 0.85078125 0.05223520934118149 0.0578125
8 0.43391389855191437 0.8453125 0.050418170671545325 0.0359375
5 0.44368834054746004 0.878125 0.02380112667090888 0.03125
2 0.4171803845480964 0.8734375 0.030014764003817973 0.028125
1 0.7195114266390922 0.203125 0.04620338534372692 0.0765625
4 0.8308932746260472 0.29921875 0.07727266669318063 0.1953125
4 0.47838260856941356 0.71640625 0.08008858402290801 0.16875
3 0.7510934025700499 0.71171875 0.1046351453691802 0.2640625
3 0.7466246259150493 0.62578125 0.12812718936981646 0.26875
0 0.631873424610139 0.41640625 0.020657945337363516 0.0296875
3 0.5970978879296851 0.51796875 0.09009993069699859 0.2234375
3 0.5870603639401846 0.440625 0.09222605203690755 0.271875
3 0.5853716892902747 0.3171875 0.07910788669636233 0.21875
3 0.5782688086410012 0.1890625 0.0820147106938169 0.2
3 0.4022870166295472 0.2734375 0.09129880402608972 0.1921875
3 0.4282040792886839 0.32890625 0.08868288136536222 0.2359375
3 0.42296150127309373 0.44375 0.12169537603436212 0.253125
3 0.32978366593732106 0.46171875 0.10745106269890758 0.2375
4 0.2300040313096829 0.17421875 0.08979084802672607 0.196875