7 0.19491848927449368 0.8746010659621911 0.03934430113146812 0.04866475897699054
5 0.04121222717424528 0.8393306655928487 0.025199987899751586 0.03452044574527378
2 0.016239498251484137 0.8344977198475749 0.025190897540671976 0.032957945745273776
8 0.07242586573792681 0.8457624727744409 0.03615566861791082 0.037709078258831144
7 0.11534007358344911 0.8553874576491307 0.0377636204133089 0.04553066861791066
4 0.10786846204893477 0.7967482558537325 0.10132719242562419 0.22870678298109545
4 0.96181613954564 0.6603053419112037 0.0699862888348278 0.21289997579950323
3 0.8919394559006146 0.7192758209321608 0.10149081888905727 0.25683178298109544
3 0.7830916967272324 0.6280144957965875 0.09190674063022612 0.22083974082661778
3 0.6793410245932803 0.3320883965587133 0.06967721662612103 0.15977497579950323
4 0.47720180767257164 0.29575494505790284 0.058657903394404444 0.14564884328594588
3 0.6445478680756178 0.40376340865896176 0.06830561416679296 0.19257838544042355
1 0.7941756842342006 0.3343190379510652 0.042551114363184796 0.06274543969514967
3 0.6243570461614985 0.6513105743500063 0.08874537919390768 0.21457156010845857
3 0.5205593595896068 0.7663356106507516 0.1281624031980126 0.2757363190854491
3 0.2510342174116879 0.3608476381708981 0.07439198770335986 0.16448974687674206
3 0.36555525966436153 0.41698452956324994 0.0760726623713949 0.1848113372358217
3 0.27356722668326594 0.5164527435570923 0.09024424668035032 0.2036431504675381
0 0.12877235626995703 0.5609243853422277 0.02204771682251274 0.02981476502711473
3 0.10944109416970864 0.5264357558537325 0.09963742739850953 0.20682269262201594