4 0.7009735674351291 0.77265625 0.06319086729005097 0.11875
4 0.03417747375639972 0.57109375 0.05477944535249042 0.284375
1 0.33669550322145386 0.13828125 0.048901108313060423 0.0796875
0 0.32239210870584395 0.1796875 0.022102258976990363 0.0390625
3 0.31285750654110356 0.34140625 0.08464875253408284 0.315625
3 0.38516832289607805 0.40078125 0.06092945140261463 0.2671875
3 0.6282188861277946 0.38671875 0.07958854781181834 0.2515625
3 0.45677619906492356 0.178125 0.0685237827847038 0.2296875
3 0.7073433047457055 0.34921875 0.10618740924813679 0.2578125
4 0.7606097261922866 0.190625 0.055996511707465044 0.225
3 0.654626329142594 0.54765625 0.07052262002052548 0.3046875
3 0.3479905097625574 0.4796875 0.056305583916172 0.278125
3 0.5219729104264873 0.5203125 0.09239762002052547 0.3046875
3 0.25284566052468316 0.58515625 0.059394222479853466 0.271875
3 0.21946955826174688 0.68203125 0.1188964875069681 0.29375
7 0.5720804320929014 0.9046875 0.034747704722264315 0.0640625
7 0.44242474834968004 0.89921875 0.02846134328594587 0.0578125
6 0.6667116760427771 0.8875 0.10488748789975162 0.034375
6 0.3785031489154141 0.875 0.039226126463433084 0.028125
8 0.508122471222317 0.88671875 0.05491475897699054 0.0390625
5 0.5227616881430255 0.921875 0.028343168617910842 0.0375
2 0.49230202850210514 0.9203125 0.023610216822512697 0.0296875