4 0.31098985463081985 0.2640625 0.06648061736154416 0.2078125
0 0.712188727959911 0.2953125 0.02387385200509069 0.0375
4 0.8973609699236398 0.5625 0.09649538136536222 0.2359375
3 0.6890041246021849 0.475 0.07623742536599849 0.240625
3 0.736804183243186 0.6640625 0.07038741470399827 0.275
3 0.6644019245703681 0.709375 0.07809082670272556 0.265625
3 0.40174738323523174 0.72265625 0.08919195870463455 0.2796875
3 0.29438251527691167 0.415625 0.060539700031816676 0.234375
3 0.20969679057927673 0.64375 0.0781090080362711 0.2671875
3 0.05632579523395912 0.73203125 0.08937377204008905 0.2953125
3 0.01037278397518296 0.4890625 0.02074556795036592 0.246875
4 0.14485085120946023 0.9125 0.06902381468808994 0.1578125
3 0.721136466621593 0.33203125 0.12363968403881635 0.2859375
1 0.6910773439688196 0.2296875 0.04769316000954511 0.0703125
6 0.3807247165420512 0.91796875 0.10352498933799978 0.034375
6 0.6691968705442785 0.9015625 0.04256930800445424 0.0328125
7 0.4750196092059603 0.93828125 0.0523079346753633 0.0640625
7 0.6048343785407785 0.92734375 0.05548747867599957 0.06875
8 0.5385644885423694 0.915625 0.05670453333863605 0.0390625
5 0.5241019992043696 0.95 0.026962489337999784 0.034375
2 0.5545798398711422 0.94921875 0.031613626670909056 0.03125