4 0.2968595553787252 0.334375 0.04255222135581711 0.165625
3 0.6146123187459963 0.584375 0.09598630402608972 0.1921875
4 0.43507136409926817 0.73125 0.047257902689362655 0.1671875
3 0.7528010200509068 0.375 0.0377919960216353 0.159375
3 0.5633316294159508 0.60859375 0.07282152402927125 0.215625
4 0.9044084260423162 0.31171875 0.03939085868872638 0.1625
1 0.3350038980346802 0.25546875 0.02874316534054504 0.053125
6 0.38424630279276695 0.92890625 0.05043635200509069 0.0375
6 0.5279417587921306 0.92421875 0.055160214672181594 0.040625
7 0.45686619012567603 0.92578125 0.07080339600572697 0.0421875
7 0.602115055458267 0.9203125 0.06922271467218159 0.040625
2 0.6676855114576307 0.915625 0.031649989337999784 0.034375
8 0.7348639207908579 0.91484375 0.06289998933799978 0.034375
5 0.7996622174569943 0.9109375 0.023837489337999784 0.034375
3 0.4537271733768161 0.3203125 0.06139312802354446 0.1734375
3 0.492307868037862 0.27890625 0.05979426535645338 0.1703125
3 0.5734942333704528 0.2734375 0.04711245202099903 0.1546875
3 0.5268925007160886 0.3640625 0.06295562802354446 0.1734375
3 0.5816078200588609 0.43359375 0.07523745202099903 0.1546875
3 0.6417100734006788 0.49609375 0.07109539202736244 0.2015625
3 0.6697078040658606 0.48515625 0.06497266136218052 0.2125