2 0.038597448122176206 0.9 0.026962489337999784 0.034375
5 0.06210767345635797 0.90625 0.022238626670908878 0.03125
8 0.09416619545667615 0.90859375 0.04271475867281791 0.0453125
7 0.13798892079085792 0.91484375 0.041134077339272455 0.04375
7 0.2186031214592215 0.92734375 0.04273294000636332 0.046875
0 0.5318538154041785 0.521875 0.028597714672181595 0.040625
4 0.8617765780553611 0.4078125 0.08997266136218052 0.2125
4 0.3239033133752254 0.30859375 0.07925333736472577 0.23125
4 0.4543769894573124 0.91328125 0.07385676535645339 0.1703125
3 0.23072021876985888 0.76015625 0.10928628270208929 0.2609375
3 0.35603784476445005 0.7203125 0.1504930853755435 0.3109375
3 0.42010034476445013 0.7203125 0.10657945337363443 0.296875
3 0.33890324673772404 0.5234375 0.12022378270208929 0.2609375
3 0.5399822993714073 0.28046875 0.08077947469763487 0.228125
3 0.5104317067154523 0.359375 0.10425333736472595 0.23125
3 0.47525837006681504 0.4921875 0.10596128803308921 0.24375
3 0.5372862027370877 0.51875 0.1054885733609078 0.203125
3 0.7239424127545868 0.64765625 0.11724423337045291 0.2734375
3 0.8748787514321773 0.728125 0.12534763470717997 0.2984375