8 0.0836048158816418 0.8729658800127268 0.04418635200509067 0.03800907733927232
7 0.12962584054746001 0.8797522293523172 0.03174089600572701 0.0425511266709087
2 0.031397425883232646 0.8606380553389542 0.026944308004454343 0.03312158267027243
5 0.05240935988227814 0.8679147533418178 0.026980670671545238 0.036246582670272434
7 0.20604288987909647 0.8931431146960442 0.0317590773392725 0.0441136266709087
0 0.853193893937003 0.47405314278322186 0.022293170671545327 0.03619203866963616
3 0.8685552646005938 0.4968912061186764 0.09991128270208946 0.26206474267981755
4 0.7509694172899566 0.3283128341024498 0.07758174936345323 0.22274770401018137
3 0.4791847766152296 0.38453337273231514 0.09674992003499838 0.2589033800127267
3 0.0992336472788207 0.40277155868077213 0.11711696403563474 0.2638272373488174
3 0.3989774665818221 0.6297271467218156 0.1140465080362711 0.2684783746817267
3 0.07318022461809315 0.3587124760104995 0.09224423337045282 0.27447383601209036
3 0.09860858064131935 0.18789144601368118 0.09956583736472582 0.23237724267981757
4 0.29204457188895966 0.8214777473742709 0.1127567280394528 0.29189769334818116