7 0.2615314986252579 0.9078125 0.033057939695149675 0.0421875
7 0.18492354682985984 0.9 0.033057939695149675 0.0421875
5 0.11223093539354134 0.89375 0.02047612646343313 0.028125
2 0.08957014021400153 0.89296875 0.025199987899751575 0.034375
8 0.14193207093216076 0.89609375 0.036137487899751616 0.034375
4 0.6568621793434172 0.9109375 0.08228630093507654 0.178125
0 0.1389009570599554 0.509375 0.02364657825883123 0.0359375
3 0.09449294778837734 0.66484375 0.09376013212077387 0.2703125
4 0.12243964402463055 0.365625 0.055751072012315286 0.1828125
3 0.24229360177195697 0.42109375 0.08577491529826116 0.240625
3 0.31050324628756687 0.4625 0.08253174063022613 0.2203125
3 0.4755101018701529 0.35625 0.09794766237139499 0.184375
3 0.5656356530016209 0.4046875 0.07004083098930565 0.221875
3 0.6576469327612627 0.64296875 0.09392375858420703 0.2984375
3 0.6229128635776178 0.58125 0.0826862767345796 0.246875
3 0.5027230834251927 0.60234375 0.07811695140261463 0.2671875
3 0.34969859825591554 0.75390625 0.13915444535249044 0.284375
3 0.7938026013791735 0.68046875 0.07024081888905727 0.25625
1 0.7340038579202771 0.3390625 0.0457579275949012 0.0765625
4 0.801809502337691 0.4453125 0.06687037919390768 0.2140625