2 0.032854305629468214 0.9330352137974508 0.026744307181592354 0.0314045361043533
5 0.05704578455222936 0.9378636143631848 0.022029536104353497 0.02668976502711473
8 0.08907703455222936 0.938049966724317 0.04084316861791082 0.03773634933607006
7 0.13514351347499048 0.9430056323171655 0.02520907825883123 0.03608294574527378
7 0.21790147132051282 0.9528624213483854 0.031477258976990365 0.03924430718159222
0 0.5545076335937118 0.7055935533709633 0.02521816861791084 0.03764544574527377
4 0.6412076819947055 0.8436026134794219 0.09667605386194253 0.23492951190385652
4 0.7315620547457055 0.3534866735878805 0.052507897344280255 0.16279998184962743
1 0.7411870396203949 0.3105724657423582 0.04262383723582168 0.07524543969514967
4 0.12325919623625321 0.2999459787263694 0.07451016237139489 0.184802246876742
3 0.2138791301758663 0.43563401473252705 0.08889991529826116 0.24113406010845856
3 0.3417950519170351 0.4723169241770557 0.0840760599120669 0.21766928903121982
3 0.5235076184684013 0.662442996189371 0.1104567527304745 0.1865738251355733
3 0.6236985160090732 0.6302122791704665 0.08085106596219091 0.20046360831306043
3 0.6439610190341354 0.6389242038385016 0.06712490924813679 0.258194295081344
3 0.6174950095661657 0.3536043273750684 0.060420391294156064 0.18003293364502548
3 0.59473422043675 0.37144126716841397 0.09314198770335977 0.1645988311856975
3 0.5477546813073344 0.38913730639602545 0.09799311416679295 0.19275110226293624
3 0.5811029916121848 0.4315202491162372 0.07610902380771342 0.1910613372358217