2 0.2033968117587786 0.9872550811856975 0.026717036104353477 0.025489837628605017
5 0.2260530617587786 0.9873278040583344 0.022029536104353476 0.025344391883331242
8 0.2556996551429203 0.980355641392352 0.040861349336070066 0.03928871721529603
7 0.29784624852706204 0.9743561471478884 0.026817030054229286 0.0439045361043533
7 0.3743360256544251 0.9623015747427898 0.03151362041330898 0.04549430718159222
4 0.2928309747193487 0.7825175842107596 0.24472371018321332 0.4349648315784808
3 0.12246289080317671 0.5046016624695907 0.1107658249391815 0.2396988251355733
3 0.05915034542724518 0.6331352077473265 0.11342825838781527 0.42877041549465283
3 0.23174244203284075 0.488831737605164 0.1341760538619427 0.23514768052176754
3 0.5677890263417961 0.5095361648072818 0.1971305718159236 0.31363629488495215
4 0.8147998608471433 0.40003948672140127 0.08857266237139498 0.18488406010845856
3 0.9303692769309713 0.3890025136523726 0.13926144613805747 0.2992556323171656
3 0.7849679568635637 0.6436076795398089 0.32507480639602554 0.5518726139704011
3 0.6209231167008757 0.5114077370159889 0.15629649355709246 0.2774624455488821
0 0.6029134600850174 0.5042719478865731 0.03152271077238851 0.0470568071815924