4 0.24581597316722453 0.18203125 0.0855476563212707 0.2015625
4 0.9279330606976337 0.3015625 0.11071128278470396 0.2296875
3 0.8983803534412866 0.68125 0.16887830678880889 0.290625
3 0.7803075851927181 0.56484375 0.12983398750696812 0.29375
3 0.4311711693052819 0.41640625 0.0965760599120669 0.2171875
4 0.20842297395279147 0.70078125 0.09333288524403179 0.196875
0 0.43755752469147613 0.39296875 0.025236349336070062 0.040625
6 0.2594445975875542 0.79375 0.09708407825883122 0.0359375
6 0.5356934801993074 0.84765625 0.04080680718159222 0.03125
8 0.40923551932872304 0.8296875 0.045530668617910844 0.0375
5 0.38719689286528985 0.8578125 0.023610216822512697 0.0296875
2 0.41607132660851126 0.86328125 0.032985216822512695 0.0296875
7 0.3443735886105638 0.8328125 0.056622704722264314 0.0640625
7 0.47079518804482967 0.85703125 0.056622704722264314 0.0640625
1 0.3477693586076481 0.11484375 0.058367011903856715 0.0953125
3 0.2583194765850701 0.45 0.12344763212077385 0.2703125
3 0.37531659992524524 0.3484375 0.14066240319801276 0.275
3 0.36989732601933606 0.47421875 0.11719763212077386 0.2703125
3 0.4125802505891752 0.3890625 0.07614538524403187 0.196875
3 0.48072626259122775 0.35859375 0.11535333098930564 0.221875
3 0.47609732904439817 0.4828125 0.1547249031980126 0.275