6 0.7063485740554187 0.82265625 0.0939408975406721 0.0328125
6 0.4385661764165508 0.8546875 0.039217036104353654 0.0265625
7 0.6213741312370111 0.85390625 0.04563975292686617 0.05625
7 0.5003621944687277 0.86796875 0.048773843285945875 0.0578125
8 0.5596099294416129 0.84609375 0.04239657825883114 0.0359375
5 0.5785235559050461 0.87421875 0.015770445745273955 0.025
2 0.5504212818027451 0.878125 0.022038626463433176 0.028125
1 0.6013357619038567 0.0953125 0.04421360831306061 0.0796875
4 0.9470310987468948 0.4296875 0.08119649960721667 0.259375
4 0.4142514567653678 0.70390625 0.08092378883482798 0.2125
4 0.2408345991396783 0.1703125 0.06840560811666876 0.209375
3 0.7468770835233884 0.5375 0.09074421642972937 0.2890625
3 0.7122793697259379 0.49921875 0.13277718032537572 0.2625
3 0.6040532583878152 0.428125 0.1045521863754999 0.2453125
3 0.5812970144379395 0.4109375 0.08292262607064967 0.2875
3 0.37754880396013857 0.16953125 0.07299311416679295 0.1921875
3 0.40217714099956847 0.37421875 0.1340578791939077 0.2140625
3 0.39923901424154773 0.540625 0.10614195745273883 0.25
3 0.2934475564942213 0.48515625 0.08881810206654457 0.2265625
3 0.26311516188041556 0.50859375 0.13278627068445542 0.2640625
3 0.0627283007386847 0.3078125 0.08254992134838535 0.2234375