7 0.6384275811983244 0.99453125 0.02200226933481808 0.0109375
3 0.07300421789468667 0.77578125 0.11128513470717996 0.2984375
0 0.24382798460377558 0.46328125 0.027071577339272502 0.04375
1 0.36069895329409274 0.2890625 0.04618520401018138 0.075
4 0.32712283728518404 0.3546875 0.05201812802354437 0.1734375
3 0.30124903859009444 0.5640625 0.10445333203372567 0.2484375
3 0.270561565245095 0.65 0.145332870703362 0.2703125
4 0.40051959587846014 0.8953125 0.0851397106938169 0.2
3 0.9293082145528689 0.83828125 0.08762945870463454 0.2796875
4 0.9439734352721392 0.45078125 0.0635374306969986 0.2234375
3 0.7451455839433663 0.4171875 0.06817038669636233 0.21875
3 0.6035757019414573 0.43125 0.07289424936345323 0.221875
3 0.6165558652530491 0.59140625 0.10298173870145284 0.25625
3 0.7264570292409587 0.68046875 0.07934424403245295 0.2390625
3 0.24619791191918555 0.5953125 0.0939340027052709 0.284375
3 0.43744107725973064 0.5421875 0.08728401336727121 0.25