4 0.38384723829253503 0.2272407735131258 0.08712833703943001 0.20518746974937896
0 0.7566029613615637 0.34660086933315437 0.02678975897699054 0.039217036104353474
4 0.8744206786750557 0.6418275318027451 0.11856014422102205 0.23661927693097126
3 0.6954831332991243 0.5118758905085892 0.09981923458010193 0.23807269262201594
3 0.7021866094914109 0.7025463423039873 0.09688513212077385 0.2708670119038567
3 0.6231212782075175 0.7294310291704665 0.10465218032537571 0.26309996369925487
3 0.3718178534412867 0.683436231358648 0.1172339935570923 0.2772351865718917
3 0.3361586511549093 0.36681181274073726 0.0841487827847038 0.23016928903121964
3 0.207655880372258 0.5652896984757485 0.10466127068445541 0.26466246369925484
3 0.05098474131759715 0.6135857770291672 0.1019694826351943 0.2927965540583344
3 0.03833981645317039 0.37053975897699043 0.07667963290634078 0.2442045179539809
4 0.08828266989445707 0.8060096263652372 0.08373971662612101 0.15985678903121964
3 0.7571705879231927 0.38332416451269424 0.15011012607064966 0.2883635841125637
1 0.7507438468019872 0.27937700789683595 0.05355224687674216 0.07374657220870695
6 0.310607121788051 0.8643362525340826 0.1033886204133089 0.045912463699254856
6 0.5868969110156625 0.9128202460911752 0.04395907825883114 0.03619203005422946
7 0.3955315676315208 0.9046754271039219 0.05820338544042354 0.06752384328594588
7 0.5204315736816449 0.9225901558302916 0.06135565651766246 0.07222952400410491
8 0.46042076942691884 0.897240177005726 0.058067030054229286 0.04408634328594587
5 0.43915430260440613 0.9268049571581513 0.02989657825883114 0.0361102168225127
2 0.4680287363476275 0.9324418788011242 0.03457498789975162 0.03457498789975162