7 0.35596455270260197 0.9890625 0.03293976502711464 0.021875
3 0.2680388684684013 0.659375 0.150410107920277 0.3390625
3 0.28477743745565454 0.46796875 0.1078589935570923 0.2765625
3 0.311280850121637 0.478125 0.1267908007386847 0.3078125
3 0.4143598774453917 0.6203125 0.14990104781181834 0.2515625
3 0.37548320892567677 0.72265625 0.13319533684303816 0.334375
3 0.795532609393215 0.63359375 0.14228853571156996 0.2859375
3 0.9213178836919077 0.7671875 0.1488385175611974 0.3375
3 0.914619473560008 0.44140625 0.1578589935570925 0.2765625
3 0.811944446334449 0.3640625 0.13133285499341057 0.2828125
0 0.49267070892567677 0.72265625 0.031504530054229284 0.04375
1 0.24984896731349204 0.29453125 0.06302724082661779 0.090625