2 0.9761888962641259 0.8814309081679823 0.02519998789975162 0.03452044574527378
5 0.9527832125209045 0.886763302781788 0.022056807181592576 0.03137726502711473
8 0.9215513932390635 0.8897064956001959 0.04244203005422946 0.04399543969514994
7 0.878619004675382 0.8957065107255062 0.026817030054229463 0.0439045361043533
7 0.7997854775480191 0.9077474475919857 0.03151362041330898 0.04549430718159257
0 0.6256298391807292 0.7833009177341481 0.02836134933607006 0.040788626463433175
1 0.2610976230455876 0.29760274960721655 0.04574883723582168 0.07526362041330889
3 0.41356409289316237 0.31958280961747926 0.07304765632127079 0.20198065651766237
3 0.3909901770057261 0.46788395423128504 0.08103287314378341 0.2317136083130606
3 0.5146554568635636 0.642035047419035 0.11712490924813697 0.25848518657189173
3 0.5912543182998821 0.6487304750139362 0.11268284894328673 0.30064541549465285
3 0.6318293213249442 0.6403730743500062 0.08414878278470397 0.23016928903121964
3 0.6768832669720222 0.7304758995837755 0.1608021863754999 0.24623971662612104
3 0.7352941680287357 0.43082587840834075 0.07943401170746504 0.22545451795398092
3 0.7269135205862595 0.3331241766129426 0.0934601502711466 0.2192863311856975
3 0.593024854797019 0.4159361557320955 0.08248628883482798 0.21297269867214014
3 0.8051976018701528 0.3609224445669235 0.0840851502711466 0.21923178903121981
4 0.7206519685710286 0.868225884458465 0.09503174063022612 0.22085792154477701
4 0.608576611043535 0.2691566045024315 0.0683419756031114 0.19882838544042353