7 0.6606548088000848 0.9846578428931624 0.030087489337999783 0.03068431421367528
7 0.7388434434674938 0.9903538518701527 0.029960220003181704 0.01929229625969455
8 0.7857820781349029 0.9959407765381879 0.04233295066836362 0.008118446923624133
0 0.49764880136058964 0.20366289382823882 0.01593408267027261 0.0266534035907962
3 0.4861942280394527 0.2934339209556019 0.0630283533577261 0.1800420240041051
3 0.4531550087125888 0.34089472823539013 0.08515789202736243 0.20204428903121974
3 0.2652277473742709 0.30308513514583596 0.0628283586887262 0.1628545240041051
1 0.2925891313653622 0.23762376160926907 0.04298747867599957 0.06899543969514968
3 0.2738327774108601 0.5726482014026146 0.07462038136536213 0.23635565651766247
3 0.2395588694302683 0.7154078731437835 0.11444649737427089 0.3022079154946528
4 0.31029008744426767 0.8189373941228265 0.09845787070336201 0.27086701190385654
3 0.5675935101049951 0.7766873033709634 0.10472605203690737 0.27246587334017514
3 0.5336077667488599 0.6085322010098311 0.07796355736790765 0.25512383723582166
3 0.5618589413987698 0.4852674178323439 0.09958401869827113 0.23337610226293623
3 0.7108691534054513 0.5353497519449076 0.08862833736472595 0.23174996974937906
3 0.6771123187459963 0.588274764045156 0.08397720003181668 0.23484769867214011
3 0.8666475334181779 0.6299996974937898 0.08552151869827114 0.23329428903121965
4 0.9824141526893626 0.44086045032246013 0.035171694621274695 0.20178975897699053