8 0.10861282973176918 0.9360551537871877 0.04397725897699045 0.039317030054229464
7 0.15780885383407012 0.93967505747618 0.033067030054229285 0.0439408975406721
2 0.05241737188624688 0.9270074067140541 0.026762487899751598 0.034529536104353296
5 0.07503726044992841 0.9331255965073997 0.02521816861791082 0.03764544574527377
7 0.2390088568591322 0.9477961088040399 0.03152271077238851 0.04705680718159257
0 0.9012291392510526 0.4548974772724412 0.022093168617910663 0.037627265027114734
3 0.9190615338648584 0.4782304381430255 0.090680583916172 0.2786431504675383
4 0.7841194281840764 0.30792754938295225 0.07012264422102224 0.23633747579950315
3 0.49773195540963544 0.3869348350945223 0.08752831283893307 0.27393746974937894
3 0.09589674463724684 0.43614605737798406 0.10943058391617196 0.2787522347764936
3 0.42821329918656054 0.6537365157144857 0.10477035499341074 0.2834124636992549
3 0.06646831987101595 0.3917875242004968 0.08137830678880889 0.2910886083130605
3 0.08238473224241084 0.20732616578924046 0.09205218637549997 0.2458397408266178
4 0.3294389350197676 0.8464921631569619 0.09690331283893308 0.2739920119038565