0 0.30349169657068625 0.7088447766363837 0.02545453333863614 0.039207945745273774
3 0.376384303906777 0.6889549783335859 0.106434002705271 0.28497496369925485
3 0.5636586792648213 0.5080009358845207 0.11508174936345306 0.22252950585373252
3 0.8706246525700501 0.716832076982285 0.11424650270527081 0.28502041549465285
3 0.950586514600594 0.49228204975672607 0.09049992003499838 0.2583215601084586
4 0.7663264092139146 0.8818328247427898 0.08092492536599849 0.23633435051442042
7 0.674220177872415 0.9438298724564124 0.02236589600572696 0.04231476502711473
7 0.7491929058720969 0.946609959692234 0.027035214672181597 0.040779536104353295
8 0.7928883618714605 0.9515519897464632 0.031613626670908876 0.03143180718159257
5 0.8241292712046878 0.9525150469280558 0.022220445337363514 0.02981476502711473
2 0.8467673398711423 0.9542093571347102 0.022202264003817973 0.028252265027114733