4 0.71875 0.6768378151766241 0.0859375 0.18331246974937904
3 0.828125 0.48919289031219737 0.1140625 0.25691359621281223
3 0.9578125 0.5454161401158057 0.084375 0.27705337939029934
3 0.38359375 0.3522316831540461 0.0859375 0.16612496974937904
3 0.36953125 0.38808736992232956 0.1015625 0.22402837334017517
3 0.38046875 0.505338502435887 0.16875 0.2337942587805987
3 0.2546875 0.47491922852997775 0.096875 0.21150110226293642
3 0.12890625 0.6210624546240684 0.1296875 0.24294199980360814
0 0.3609375 0.33256862294739176 0.0296875 0.042360216822512696
3 0.484375 0.5598492613146815 0.1015625 0.36777837334017516
3 0.48515625 0.4746975564942213 0.1234375 0.24915563836728988
3 0.5609375 0.6649821889095827 0.11875 0.32881586729005113
1 0.09453125 0.15601871672431686 0.0453125 0.0705761204133089