3 0.053125 0.6904619153405451 0.1015625 0.291806786680454
3 0.12734375 0.881540901336727 0.1546875 0.23691819732654587
3 0.246875 0.7153726507001803 0.0953125 0.302671561346272
3 0.390625 0.43345158338636125 0.1015625 0.2418067866804538
3 0.41640625 0.509532825389861 0.1234375 0.26862382535009016
4 0.56484375 0.2971975520766783 0.071875 0.21021134134309047
3 0.76171875 0.4604259001034043 0.1390625 0.24693063868554468
0 0.56015625 0.47683050807604194 0.0296875 0.03940794533736351
1 0.54296875 0.24694301340704206 0.0578125 0.08348520934118149
7 0.9453125 0.7703747067949941 0.040625 0.056722714672181596
2 0.93671875 0.8726184594604941 0.040625 0.039535214672181594
8 0.98203125 0.862989468133312 0.0359375 0.04104317067154497