4 0.35 0.7896773812858203 0.0703125 0.28831816000954513
4 0.26796875 0.26953815129695624 0.0609375 0.2038340720082723
0 0.484375 0.29983253660091214 0.015625 0.03143181333545444
4 0.8859375 0.2935974338797328 0.0578125 0.2116102093411815
3 0.853125 0.5799167418841872 0.078125 0.2759090666772721
3 0.75234375 0.5209331878978684 0.084375 0.2603567920114541
3 0.65546875 0.504872930577686 0.0640625 0.2585579346753633
3 0.6 0.44770586791854916 0.0640625 0.2523079346753633
3 0.5078125 0.25971606659773044 0.053125 0.2678056653405451
3 0.4921875 0.2809916299331849 0.0421875 0.13955339600572705
3 0.51875 0.2619325472629123 0.0828125 0.3181511106779086
3 0.5390625 0.5320086899268215 0.0890625 0.2760363360120904
3 0.41328125 0.4959722872772298 0.1375 0.25941245735199914
3 0.09140625 0.7208113919875915 0.1078125 0.2981295120146356
1 0.315625 0.18460862062382016 0.040625 0.07391021467218155
6 0.7984375 0.8336780885582776 0.046875 0.03804544000636341
6 0.79453125 0.8790360418921412 0.0453125 0.036464758672817864
7 0.85390625 0.8345951512174145 0.0265625 0.03780908267027243
7 0.85078125 0.8838502638845054 0.025 0.039353401336727246
8 0.91015625 0.8409718732097783 0.0375 0.03012385200509087
2 0.89296875 0.8849218678787782 0.025 0.028415901336727244
5 0.92265625 0.8861389225414149 0.0171875 0.03144999466899989