8 0.7004912575230622 0.9857349076960128 0.03449317466803503 0.02051248789975162
7 0.7595304351179635 0.908831519230527 0.05504202400410509 0.06125566256778683
7 0.8219849833225654 0.9162804048673424 0.056613614363184794 0.06282725292686635
3 0.20116200331964967 0.20194779849918948 0.07932492739850953 0.2067045179539809
3 0.3546894407753042 0.6690075125912277 0.11391809601642038 0.24440450585373252
3 0.31157576591087743 0.5598870426454571 0.08106923458010193 0.2379636083130606
3 0.32000238602959874 0.32000238602959874 0.054015855189802585 0.15343407220870695
4 0.5944665757247485 0.2762195280111258 0.05405221662612085 0.15968407220870703
3 0.5899739975641131 0.3770235039088249 0.07281130698520055 0.16135565651766245
0 0.7273467325369984 0.3980985523098185 0.017332945745273953 0.02509999394987581
3 0.7648876391528567 0.3908491336919077 0.08841812626704133 0.15832156010845858
3 0.7852092295119364 0.3891684590238727 0.1009908491396784 0.17089428298109546
3 0.8427535639190875 0.4349258657379268 0.0838578912941557 0.18016928903121965