7 0.8047037061186764 0.8649735418921413 0.052217028007635946 0.05684998400699968
7 0.8672764314528582 0.8704962885503236 0.05218066534054522 0.053724984006999675
2 0.9137525367997666 0.9699690298775057 0.09576703333863605 0.040171561346272
8 0.7558491301320395 0.9639928445655954 0.03163180800445424 0.033176126670908704
4 0.7811196607654045 0.7183530805617775 0.05721470536281679 0.21782384667409058
0 0.6153192013844522 0.36945359858373106 0.025472714672181596 0.04091590133672707
1 0.6082061353834977 0.36250416458468565 0.049401110677908554 0.08337612133990877
3 0.5436362000715876 0.521089371260367 0.07551126670908896 0.31333634134309046
3 0.3119851160486796 0.3550120272915474 0.060721513367271204 0.25067270934118147
3 0.1331372414464948 0.8321574246499098 0.07531127204008907 0.29614884134309066
3 0.5987066027609502 0.6876587059198218 0.09108172270845252 0.308830654678545
3 0.6568929147835401 0.8534104279121859 0.1179885733609078 0.204470418682363
4 0.09167261604867957 0.3575755953214551 0.0780908267027256 0.26649770401018136