6 0.35 0.9111038687141797 0.096875 0.027689742679817542
6 0.63515625 0.9034844620862235 0.0390625 0.025454533338636055
7 0.44375 0.9309447487269065 0.04375 0.056759077339272324
7 0.57265625 0.9277572087444055 0.05 0.059956802673454136
8 0.50703125 0.9129310927354968 0.0515625 0.03497498400699968
5 0.49296875 0.9463612107335878 0.021875 0.031504538669636165
2 0.521875 0.9451350654041786 0.0296875 0.028470445337363516
4 0.48203125 0.8071714413987697 0.0546875 0.1021988466740904
4 0.1953125 0.3811789166931806 0.046875 0.2583579400063633
4 0.96171875 0.21744061079722127 0.0640625 0.2351204346753632
3 0.7015625 0.5456634187619047 0.1234375 0.25299882535009016
3 0.72578125 0.5240702294318591 0.10625 0.24654883068109007
3 0.53828125 0.4539197194064057 0.0796875 0.22748974801081764
3 0.48203125 0.39701519139876973 0.1265625 0.25303518801718095
3 0.465625 0.21869928739654254 0.053125 0.21468066534054514
3 0.46015625 0.3100419027291335 0.0625 0.23041475334181777
3 0.33984375 0.5344231900461341 0.0640625 0.2929329346753633
3 0.4203125 0.5830157787237246 0.078125 0.27747156667727213
3 0.5125 0.7544009774029059 0.0671875 0.19921929734245403
1 0.3515625 0.2165908000477251 0.046875 0.0864829400063634
0 0.53046875 0.45851631273867854 0.0234375 0.0315227200031817