3 0.4308736654200869 0.6439896413908155 0.12271243602799871 0.20764996268299923
3 0.6527561140594973 0.44581741275458686 0.09507833203372566 0.24951019867918128
0 0.6703259694064057 0.5460083167568139 0.027035214672181597 0.04093408267027243
3 0.6866589467297699 0.4727708114258139 0.08406810669954404 0.2431329293443632
3 0.5991049500715876 0.5342435660804963 0.11066696936663475 0.24656701201463563
4 0.10727198607572379 0.5589851960136812 0.0734033267027256 0.2664431600095451
7 0.2527054014560398 0.906724356699544 0.0301965773392725 0.044095445337363516
7 0.1736718821212217 0.894868699355499 0.028634077339272458 0.04407726400381797
8 0.1290588161202672 0.8873192813494537 0.04266021467218155 0.04111589600572714
5 0.09777245345317631 0.883830654678545 0.02538180800445433 0.03310340133672725
2 0.07271790945253997 0.8788522533418177 0.02850680800445433 0.033139764003817976