4 0.16763020595959274 0.29765625 0.0885737933640895 0.2265625
4 0.3478593145687772 0.72109375 0.0817783533577261 0.1796875
0 0.5677569279519568 0.35390625 0.022347714672181596 0.040625
3 0.34819950063654687 0.221875 0.07133174936345314 0.221875
1 0.30048016331159194 0.16015625 0.04311474801081765 0.0796875
3 0.36574898528009336 0.3921875 0.07454765603118041 0.2296875
3 0.28019165125718526 0.5609375 0.08417719470081657 0.2515625
3 0.4466706265913671 0.5546875 0.10488968403881635 0.2859375
3 0.5655211712683211 0.47890625 0.09042719470081657 0.2515625
3 0.59872347525464 0.5796875 0.11726241470399827 0.275
3 0.6403393579328667 0.49453125 0.09175333736472577 0.23125
3 0.7217631752864567 0.3453125 0.10114651869827132 0.2328125
3 0.7926751119510023 0.3609375 0.10761469470081657 0.2515625
3 0.8463251812540037 0.584375 0.08410446936663477 0.2453125
4 0.8717819039624561 0.2765625 0.07572834802672616 0.196875
6 0.2938337912158236 0.865625 0.10208975867281786 0.0453125
6 0.5676252798775057 0.90234375 0.03940794533736351 0.0296875
7 0.38020709587846013 0.8953125 0.028797709341181487 0.0578125
7 0.504198579209142 0.91484375 0.05234429734245403 0.0671875
8 0.4434974365452328 0.89453125 0.056722714672181596 0.040625
5 0.4228758538749603 0.92109375 0.02856135200509069 0.0375
2 0.4509644912078694 0.92421875 0.02854317067154515 0.0359375