3 0.2109375 0.7496646984757485 0.1875 0.42609084308955403
3 0.2453125 0.8217396863754999 0.0984375 0.2849476926220159
3 0.35 0.7059424904338344 0.309375 0.5783623910977644
3 0.40078125 0.7138675781606354 0.3984375 0.5722648436787292
3 0.73515625 0.8111567103796051 0.2453125 0.37768657924078963
3 0.78359375 0.8966538488450908 0.1078125 0.2066923023098184
7 0.50625 0.9162265263417961 0.0484375 0.07215680113146802
7 0.44609375 0.903376547517231 0.04375 0.06744203005422947
2 0.50859375 0.8506151618804157 0.1015625 0.04746587334017534
8 0.43046875 0.8376606439264347 0.040625 0.039298849336070064
1 0.22265625 0.06379537616884554 0.1484375 0.12586358411256368
1 0.62578125 0.812234438811387 0.0265625 0.0454670361043533
0 0.28046875 0.8375692194547915 0.1 0.15839428298109545