6 0.35859375 0.8541637625912276 0.090625 0.02396474082661797
6 0.625 0.847145106368153 0.0359375 0.02208407825883114
7 0.4453125 0.872409247662309 0.040625 0.05179884933607006
7 0.56640625 0.8701422448336386 0.0421875 0.05337043969514958
8 0.5046875 0.8556575640172834 0.046875 0.03152271077238851
5 0.49140625 0.8869848320694601 0.0203125 0.029805674668035208
2 0.51796875 0.8868302959651068 0.0265625 0.026717036104353296
0 0.7609375 0.36979174512822616 0.015625 0.0313409035907962
4 0.72734375 0.20045593784843793 0.046875 0.1955852107723885
3 0.49140625 0.2026098320694602 0.046875 0.1955852107723885
4 0.034375 0.5896437621002484 0.0390625 0.22210225897699054
4 0.6234375 0.7049666967272326 0.0640625 0.18162270472226433
3 0.81640625 0.38587528738089977 0.090625 0.2099022408266178
3 0.44375 0.31226208802138855 0.0484375 0.19715680113146822
3 0.41328125 0.3632206000234411 0.0578125 0.21908634328594587
3 0.453125 0.3887700458669109 0.0796875 0.22546360831306042
3 0.55 0.48273769360397456 0.0609375 0.23160452400410508
3 0.6109375 0.49800816959986954 0.0734375 0.22855224687674217
3 0.62578125 0.4026093111886131 0.053125 0.22218407220870695
3 0.1859375 0.6746994972695255 0.05 0.22060339149054772
3 0.27578125 0.5929268016224475 0.08125 0.22078519867214014
1 0.334375 0.1894609131569618 0.034375 0.07519998789975157