7 0.7547547786794871 0.9559213271786767 0.026835210772388506 0.047029536104353654
7 0.837594549756726 0.9610906162098963 0.026835210772388506 0.0470295361043533
5 0.921211025654425 0.9654832004206559 0.022056807181592576 0.03137726502711473
2 0.946996820833965 0.9664144413454696 0.02677157825883114 0.0360920361043533
8 0.8876036401158057 0.9629440077004443 0.04240566861791066 0.03774543969514994
1 0.7743743278660478 0.29980768256487095 0.0362920240041051 0.06114657825883123
4 0.7716811199223296 0.3740082518467117 0.03203177088084708 0.1345568071815924
0 0.842366324644594 0.4384798180052945 0.015770445745273774 0.025090903590796288
3 0.8534083637740096 0.4565122005188519 0.05126355991206708 0.21747839149054773
3 0.5907856439264346 0.43389127019347606 0.055796523807713425 0.19094316256778665
3 0.48837371623333753 0.42157710167376117 0.04799311416679295 0.1924602107723885
3 0.7395054659387499 0.6175628091264999 0.0904896863754999 0.2458306504675381
3 0.40921293617910826 0.3773680385402404 0.06360902380771342 0.1909886143631847
3 0.18527598731057643 0.4245010720123153 0.10279878883482803 0.21309087334017515
3 0.035330529465054106 0.4330033975406719 0.06697037314378343 0.23163179508134385
3 0.02237302897407479 0.7571357891294156 0.03765557786604775 0.29552157825883113
3 0.28149804409938534 0.7156760387366321 0.09376013212077386 0.27084883118569747
4 0.4621582125209044 0.8839089300307883 0.07766243344863373 0.18950792759490157