6 0.6293502577004443 0.88203125 0.09700226502711473 0.021875
6 0.3449707125209044 0.88125 0.037636355386194253 0.0234375
7 0.5372900227275588 0.90390625 0.04250566256778647 0.0546875
7 0.4075979775480191 0.903125 0.04407725292686617 0.05625
8 0.473127528777683 0.88671875 0.040815897540672094 0.0328125
5 0.4897292214978949 0.9203125 0.0220568071815924 0.03125
2 0.45926047149789484 0.9203125 0.022038626463433176 0.028125
0 0.4568328247427898 0.36875 0.02209316861791084 0.0375
3 0.4968583819243822 0.4 0.06231923458010193 0.2375
4 0.7910618581166687 0.209375 0.0778169695529872 0.215625
4 0.0146696132830302 0.77578125 0.020240818889057304 0.25625
3 0.3942550358097659 0.22109375 0.044995379193907684 0.2140625
3 0.5470907069617595 0.57421875 0.10318058391617199 0.278125
3 0.4873662490180413 0.6484375 0.1062874031980126 0.275
3 0.6438470114128774 0.41953125 0.12020445745273882 0.25
3 0.7445782644379395 0.4109375 0.06708854781181853 0.2515625
3 0.8618208274732643 0.5546875 0.06721581283893308 0.2734375
3 0.2640686078220812 0.40390625 0.07320219242562417 0.228125