6 0.4234375 0.8555884873105765 0.1 0.038081782981095456
7 0.5203125 0.8639645895735126 0.0515625 0.06123748184962743
8 0.5828125 0.8385469539366974 0.053125 0.03937157220870695
2 0.60078125 0.8706827430661128 0.03125 0.026744307181592576
5 0.571875 0.8752020714231401 0.025 0.029832945745273776
7 0.65078125 0.8451923845566608 0.0578125 0.06752384328594588
6 0.7109375 0.8142923633812261 0.0421875 0.031495439695149584
4 0.025 0.6181141957452738 0.05 0.27060339149054774
1 0.30078125 0.11659364412282643 0.053125 0.087809072208707
4 0.70546875 0.6681667971244474 0.10625 0.2349931444174139
4 0.825 0.10636220959403815 0.08125 0.20359769867214011
3 0.7265625 0.39250826697202224 0.0984375 0.28651019262201594
3 0.58515625 0.38856058947531685 0.0984375 0.27244769262201596
3 0.53671875 0.3156225383438487 0.103125 0.24434996369925477
3 0.56328125 0.2915583244482022 0.0921875 0.2458488311856975
3 0.53046875 0.37496117690753017 0.13125 0.24451359016268787
3 0.4328125 0.3228305294650541 0.1140625 0.21941359621281203
3 0.41171875 0.20239530961747926 0.1046875 0.24592155405833438
3 0.4609375 0.5315879059284873 0.10625 0.2974931444174139
3 0.2359375 0.6834038942210222 0.09375 0.264607921544777