6 0.2568383707829037 0.8591226507001803 0.050418170671545234 0.036519302673454136
6 0.25811051678863073 0.9013192413669529 0.0458215773392725 0.04427725867281822
7 0.20685655211644915 0.8601033480267262 0.03326703333863605 0.0394443080044546
7 0.2097002887889489 0.9030993700270443 0.031722714672181594 0.040988626670908704
8 0.1521690521164492 0.8594670013526354 0.048910214672181596 0.041188621339908596
2 0.16991108278958525 0.9073232460216353 0.028524989337999785 0.03470226400381797
5 0.1370804014560398 0.9053789380171811 0.022293170671545237 0.03619203866963616
0 0.15895266474376918 0.5697414300206809 0.02080339600572705 0.042423857336090796
3 0.14581686541213273 0.5820868886855446 0.07158628803308939 0.24454997867599956
4 0.1373771094048149 0.5280897320178173 0.0432249306969986 0.22391021467218158
3 0.3667288020766783 0.5690345473822249 0.04524196403563465 0.2629908960057271
3 0.5007032653962243 0.46904473273390596 0.11989651869827114 0.23417610001590833
3 0.518153300047725 0.3575441587364513 0.05703289202736243 0.20219884667409058
3 0.8028919267186339 0.39210316144172225 0.06655334269572606 0.21480793467536322
3 0.8070243487030438 0.27732304610913133 0.04776698002863498 0.21146475867281786
3 0.8507299900540884 0.4082826921148584 0.06186584269572606 0.21475339067472685
3 0.6295651567472691 0.6009952614178597 0.1124476453691802 0.2653351933481812
3 0.6588253954089511 0.5646219567552231 0.08759309603754381 0.2775442920114539
3 0.6318816347469509 0.5986787834181779 0.07224081604072552 0.30079997867599956
4 0.8208868540340439 0.2602991781110403 0.03949994668999892 0.17231135200509068
4 0.7345531960932229 0.6951730700986318 0.062465826702725734 0.26631589067472683
1 0.44672210069222607 0.19345383939367902 0.03828179734245403 0.06762385200509069