3 0.56644052791293 0.5345634358845206 0.11995901775758924 0.20850336729005098
3 0.33275639520298095 0.41444988202257793 0.06986811416679295 0.19258747579950325
3 0.9046536002198329 0.548250248625258 0.08711924668035032 0.20362496974937905
3 0.5881342416121847 0.4315611557320954 0.07303856596219109 0.2004181565176623
3 0.4431171782822723 0.3799345023376911 0.0793885599120669 0.21764201795398092
3 0.3713002238545956 0.6381191861791082 0.09641243344863373 0.1896170119038567
4 0.025925653983579634 0.6064090812838934 0.05185130796715927 0.23781816256778665
4 0.38913664276709403 0.7952595204880637 0.13741013817089803 0.25391586123992677
3 0.8247353378249969 0.3188712999531178 0.06059310811666876 0.2097204336450255
3 0.3807706726249315 0.621767478333586 0.10581470452587265 0.19435905405833437
3 0.320020566747758 0.32062261397040126 0.044395415494652826 0.11119203005422928
3 0.4984228226996864 0.2740026649054777 0.0667794756031114 0.19881929508134394
4 0.660881916083828 0.2819793122497579 0.06523515632127079 0.2019352047222643
0 0.39633204011137424 0.6327958819243822 0.02519998789975162 0.03452044574527378
1 0.2923137232654204 0.2485839875069681 0.034756795081343925 0.06582498789975162
8 0.24260655553127233 0.8694095719141195 0.05022725897699036 0.03935339149054755
2 0.18240485373587428 0.876872093089554 0.05179884933607006 0.040924981849627076
7 0.1774355526044061 0.9252823220123153 0.031495439695149674 0.04236930718159222
7 0.30564236583612264 0.9119652314568439 0.033057939695149766 0.042378397540672096
5 0.3043480314289714 0.8658623910977642 0.03461134933607006 0.04082498789975162