7 0.7632161874601759 0.9256206878978684 0.0255090773392725 0.044040901336727244
7 0.8436213027927669 0.9192155992202778 0.022384077339272324 0.04400453866963616
5 0.9224548274585853 0.9120474418762331 0.0206761266709087 0.031486357336090974
2 0.9466553961250398 0.9102031312062785 0.02541817067154497 0.036228401336727244
8 0.8896605087921305 0.9139917498806873 0.04104317067154497 0.0364102146721816
1 0.6361124120384982 0.27623030991409486 0.039844297342454024 0.06764203333863614
4 0.6487493193825433 0.35500019991250403 0.04576812802354446 0.1739465773392725
3 0.0409026460852688 0.6277341013287729 0.07009651336727116 0.25078179734245404
3 0.2000798407860854 0.8774784679742286 0.1324874253659985 0.2421340506842718
4 0.2092826654598578 0.9297222206397286 0.08908177601845368 0.13695565467854465
0 0.7418822487269063 0.43517750123332277 0.015952264003817974 0.028306813335454352
3 0.7593242873965426 0.45685250656432286 0.06037606802990769 0.2209852093411815
3 0.5717430187380421 0.5191996072565489 0.07015105736790747 0.25546929734245405
3 0.6001861920750875 0.5462160932527309 0.07311242536599849 0.2414431600095451