6 0.6935741578924045 0.8359375 0.09863748789975162 0.034375
7 0.6043207603517325 0.86875 0.050345433645025396 0.059375
8 0.5379645073266704 0.86015625 0.05178066861791084 0.0375
2 0.5283849742473791 0.8953125 0.031404536104353654 0.0265625
5 0.5573094049655383 0.8921875 0.023601126463433174 0.028125
7 0.4753236067609364 0.884375 0.05506020472226432 0.0640625
6 0.4097849651721927 0.86953125 0.040797716822512695 0.0296875
0 0.35329719594166564 0.1046875 0.02678066861791084 0.0375
1 0.35533641891249845 0.15703125 0.050481789031219734 0.0828125
3 0.3904330606976337 0.3015625 0.1334771379745064 0.3828125
3 0.40107966920708604 0.3515625 0.13353168012898403 0.3921875
4 0.26074556069763377 0.3015625 0.0827771803253757 0.2625
3 0.4755069765850701 0.45 0.09554080073868469 0.3078125
4 0.4846718565645446 0.7546875 0.0740647347764936 0.1078125
3 0.6856399798065239 0.58828125 0.10805898145684392 0.3109375
3 0.7509933107958296 0.36640625 0.13600217427525152 0.2796875
3 0.5836199793155445 0.2640625 0.11726126463433122 0.28125
3 0.5688979074014252 0.51171875 0.10028284289316254 0.3171875
3 0.7240318767580207 0.16640625 0.10937604176169416 0.26875
3 0.9789945491865606 0.65625 0.03630215612487895 0.33125