4 0.07600448467829776 0.17309258723582166 0.07266586123992676 0.1363556565176624
3 0.36903180113146816 0.050582824742789786 0.10056360226293633 0.09745678298109554
3 0.40584652078265127 0.20157315300162099 0.09517718637550007 0.2458579215447771
3 0.2128151800307882 0.45825390329620863 0.11228287314378349 0.2318954154946528
3 0.2746930113146815 0.48595672247985344 0.13127831283893307 0.2741919998036083
3 0.32871795686356364 0.6409532946885605 0.1907533067888089 0.2917249334486337
3 0.5969179901392467 0.5479855864502547 0.11529878883482798 0.21316359621281206
3 0.5486719085607659 0.7148867401392469 0.14194310206654456 0.22738063231716552
3 0.7230684414436656 0.8807395199970844 0.160447662371395 0.1853022166261212
3 0.820340291958086 0.1438303933372595 0.0948317527304745 0.18648292154477705
4 0.9681778282588311 0.14078772744982318 0.06364434348233772 0.12693520472226433
1 0.4724093904103933 0.7660038125443455 0.1355567466803503 0.20390677088084708
0 0.5662583425985748 0.5149958244482022 0.03625566256778647 0.05489657825883114