6 0.7824684862494315 0.8740071421069041 0.05020907825883114 0.036519302673454136
6 0.7806650917338217 0.9153952107733587 0.04399543969514959 0.042696577339272325
7 0.830896895890352 0.8761332634468129 0.031477258976990184 0.0394261266709087
7 0.8283031610156625 0.9190747414464948 0.029923849336070063 0.04097044533736351
8 0.8855798507108121 0.8775508601209037 0.048673849336070066 0.041188621339908596
2 0.8681241851179635 0.9234446154519038 0.02676248789975162 0.03468408267027243
5 0.900945775477043 0.922263923456358 0.022074987899751618 0.03462953866963616
4 0.6939438800776705 0.37763103409449567 0.060520385244031874 0.19756589067472693
4 0.06219793462698412 0.5898261160089087 0.060893089966296166 0.2616283906747269
3 0.1890558712970717 0.5405175540260897 0.07494649960721653 0.26022952267663585
0 0.295492744539051 0.37533854404040723 0.02209316861791084 0.03775453866963616
3 0.2732632205349459 0.43602150537077106 0.08086015632127071 0.20248974801081765
3 0.348022326019336 0.47830045938095234 0.06695219242562418 0.22888861600890867
3 0.34852177488786784 0.526747050047725 0.059394222479853466 0.2725477093411815
3 0.41897517545360186 0.5033464600572701 0.07480105386194254 0.23522952267663583
3 0.4017331332991242 0.5125214653882703 0.0827771803253757 0.2634454293443632
3 0.54317172043675 0.37431403540736025 0.05413402985783762 0.17405566534054512
3 0.5777461874556545 0.47472311541213275 0.06856014422102223 0.23671929734245403
1 0.33984270823830576 0.27272262137967973 0.04260565651766246 0.07236589600572696