8 0.14453125 0.9944716417851354 0.0390625 0.009602258976990186
7 0.19140625 0.9926364310127468 0.0234375 0.012636355386194254
7 0.27578125 0.9890205516224475 0.0265625 0.018904536104353654
0 0.753125 0.5784309469236243 0.015625 0.02977840359079629
4 0.92265625 0.6383821429634857 0.065625 0.23319429508134384
4 0.41484375 0.9022740096643617 0.0953125 0.19117951190385654
1 0.678125 0.3069922841594459 0.0328125 0.065815897540672
3 0.64921875 0.4610667058024188 0.0734375 0.192614746876742
3 0.6 0.44494680211342674 0.0859375 0.21143746974937905
3 0.70625 0.5662036576960128 0.0765625 0.23325792759490122
3 0.54296875 0.5077786002198328 0.065625 0.24413179508134403
3 0.4875 0.49169505796715923 0.0640625 0.21287270472226433
3 0.42265625 0.5944160578689635 0.0484375 0.2252818011314682
3 0.2125 0.39173246116517196 0.0796875 0.17390110831306052
3 0.04140625 0.43257160548439016 0.059375 0.1878454336450254
3 0.6953125 0.80298604020957 0.1015625 0.22559087334017533