4 0.8931623907144978 0.34199857121264193 0.07298515603118041 0.23050566000954503
0 0.6374947407304061 0.4621769005808676 0.025472714672181596 0.04091590133672707
3 0.5475691747294517 0.4561910772597306 0.07158628803308939 0.24454997867599956
3 0.7788679121180401 0.8605860338956411 0.1638101507001803 0.24874767735518083
3 0.23367413812853952 0.9442841599697742 0.11529883068109026 0.10757723734881744
3 0.1753980141231307 0.9051131193109555 0.1381010786919079 0.18751927601845395
3 0.07244026336727116 0.2491909306572277 0.06021243602799871 0.20692270934118148
3 0.16556355470240744 0.26139039131127373 0.052109034691271594 0.18183180267345422
3 0.41603517468968076 0.1647131966104571 0.044260172024180734 0.178615896005727
4 0.03503062269254426 0.19024319199554568 0.05041926535645348 0.17087612133990876
3 0.3765214254057694 0.5292847739497295 0.0877203653723618 0.2884817920114539
3 0.6106146147358149 0.5023388239179128 0.10138287603436211 0.2542704240133631