7 0.7953125 0.8858769927715254 0.0296875 0.0454852168225127
7 0.87109375 0.8706928751868869 0.0296875 0.0454852168225127
5 0.94609375 0.8539417124227086 0.0234375 0.031386355386194255
2 0.96953125 0.8493905678089029 0.0296875 0.0376727168225127
8 0.915625 0.8600144504206562 0.04375 0.039317030054229464
1 0.20390625 0.3402487918598901 0.040625 0.05804884933607006
3 0.31484375 0.344800457354543 0.0640625 0.1331852047222643
4 0.1296875 0.5577857498036083 0.0828125 0.20048178903121966
4 0.34140625 0.8457362434588965 0.09375 0.222420421544777
4 0.76484375 0.2942934807694729 0.0578125 0.15502384328594587
3 0.7203125 0.3854406555357038 0.084375 0.18174087939029934
3 0.6484375 0.4889287490180413 0.0984375 0.20213519262201593
3 0.63203125 0.5107083002477054 0.0765625 0.2004454275949012
3 0.5015625 0.5193242552645574 0.090625 0.20833974082661796
3 0.64296875 0.6709281827612626 0.1140625 0.21941359621281223
3 0.70625 0.6634838423039872 0.1328125 0.2648351805217676
0 0.73203125 0.5753525832288009 0.0234375 0.03451135538619425
3 0.13046875 0.805446544983148 0.1015625 0.23027837334017498
3 0.25703125 0.6983703640685972 0.09375 0.22710792154477702
3 0.31328125 0.4565101169954634 0.065625 0.18475679508134385