3 0.78671875 0.49118555144013143 0.1265625 0.2702226880171811
3 0.7265625 0.47251682009863183 0.0890625 0.2650988360120904
4 0.809375 0.2812929307765404 0.109375 0.21377269334818116
4 0.29765625 0.9068323500159083 0.1265625 0.18633529996818332
8 0.4453125 0.9969584580283168 0.05625 0.006083083943366319
3 0.79921875 0.847581002108495 0.1109375 0.2809783746817267
3 0.4203125 0.7095782787237246 0.109375 0.26689769334818114
0 0.46015625 0.6592606527291335 0.028125 0.055014764003817974
3 0.409375 0.5844510093889065 0.1609375 0.27062267735518086
3 0.328125 0.7303805800445434 0.1984375 0.26012152936027155
3 0.86015625 0.6154775741167674 0.1234375 0.30924882535009013