6 0.35302302745063097 0.8640625 0.0908977200031817 0.0234375
6 0.6210372307844946 0.86796875 0.03619203866963616 0.021875
7 0.43999631612026724 0.8859375 0.04122498400699968 0.0515625
7 0.5610991567870399 0.88671875 0.045948846674090583 0.0546875
8 0.49997984345158547 0.87109375 0.047238626670908876 0.03125
5 0.4854997201224943 0.90234375 0.020657945337363516 0.0296875
2 0.5120622201224944 0.90234375 0.026871582670272433 0.0265625
1 0.3262368780235444 0.1734375 0.03837270401018138 0.075
4 0.19823060403404388 0.25078125 0.052272666693180626 0.1953125
4 0.47883954543281354 0.7328125 0.05817722135581711 0.165625
3 0.20478388009226847 0.6796875 0.07027832670272564 0.265625
3 0.22488674741404174 0.59453125 0.09371582670272564 0.265625
0 0.3765839653882702 0.4046875 0.017532945337363427 0.0296875
3 0.39424472740290584 0.5125 0.061974930696998595 0.2234375
3 0.4175725920591791 0.4359375 0.05632491470399827 0.275
3 0.44114535737586175 0.31328125 0.04943856802990787 0.2203125
3 0.47090448802513524 0.18515625 0.0585772106938169 0.2
3 0.6331964973742709 0.3015625 0.06938744135899881 0.1890625
3 0.5978498907144978 0.35234375 0.05901356269890758 0.2375
3 0.5827981500636334 0.46875 0.09040901336727121 0.25
3 0.6738413207351787 0.5046875 0.07774538136536221 0.2359375
4 0.8245749280314986 0.23203125 0.06633516669318062 0.1953125