7 0.7929042184728328 0.9243247090238725 0.026817030054229106 0.0439045361043533
7 0.8725417214978947 0.9152673507108121 0.023692030054229464 0.04388635538619425
5 0.948272974522957 0.9062327182954508 0.022056807181592218 0.03137726502711473
2 0.9724735438047978 0.9029668177297167 0.02677157825883114 0.03609203610435365
8 0.9170411552411162 0.9095395254770431 0.04239657825883114 0.03618293969514959
1 0.6509504634046672 0.29387920580241883 0.04101588544042354 0.06742384933607007
4 0.6654538458200288 0.3695786425707023 0.04942834913967822 0.1705943011314682
3 0.026041887876310475 0.44751989461380576 0.048156740630226104 0.22058521077238852
3 0.022004348550503143 0.5592659156910446 0.03472043364502547 0.059574987899751616
3 0.06787590563389964 0.6550960452777357 0.09989195745273885 0.2505726926220159
3 0.24188207395722286 0.8861228105994379 0.13724651170746496 0.22579086123992695
4 0.25233830580685024 0.9376262232654204 0.09133404800821018 0.12240224082661796
0 0.7580822282353902 0.44482356138500484 0.015788626463433174 0.028215903590796287
3 0.776173698082965 0.4658127722555892 0.0653169695529872 0.21599770472226432
3 0.5945242431643089 0.5324967990883647 0.07645445745273882 0.2504363372358217
3 0.6235759389095827 0.5573286274453917 0.0779351442210224 0.2363829275949012