8 0.11409796242270853 0.9454619700439665 0.04388635538619425 0.023692030054229464
7 0.16333943832040757 0.9490818737329587 0.029842036104353476 0.026735216822512696
2 0.05624001062731045 0.9379858133299124 0.025136355386194277 0.023582945745273774
5 0.08048148652500949 0.9417511627641784 0.023564765027114642 0.022011355386194253
7 0.24385818529534548 0.9572074702403583 0.025172716822512698 0.029832945745273776
4 0.6746491221618248 0.8757922811343839 0.08102378278470379 0.2301511083130606
3 0.7790411854917372 0.8244019770760493 0.1297612646343312 0.2819954094445286
3 0.8219543515755653 0.5460179018422803 0.09663060206654457 0.22711701190385672
3 0.7357264809658647 0.6308974167711991 0.08730105386194253 0.23487496974937905
3 0.6755106227509999 0.4867116004162246 0.0997737827847038 0.23026019262201594
3 0.6789987162333375 0.4148138745185255 0.11194652985783762 0.17408291549465282
0 0.5756691831540461 0.3802575882177803 0.020476126463433175 0.028243174668035033
3 0.608413505460949 0.3683479406771083 0.09625789734428025 0.16305451190385672
3 0.5732355713249442 0.6334053141154794 0.08891809601642038 0.24425906010845858
3 0.4537412036421099 0.7747302717646098 0.09521354781181834 0.252107921544777
3 0.17082714704969265 0.35604949121940127 0.11053856596219105 0.20063632513557322