6 0.2921875 0.8501373971478884 0.1 0.030269282981095814
6 0.58359375 0.8713639991162372 0.040625 0.026798849336070064
7 0.3859375 0.8795890686926656 0.046875 0.05964771077238851
7 0.51796875 0.8889509540348932 0.053125 0.06280907220870695
8 0.4515625 0.8674708637740096 0.053125 0.03780907220870731
5 0.43359375 0.8993975746445939 0.0234375 0.032948855386194256
2 0.46328125 0.9026952914671067 0.03125 0.029869307181592576
4 0.43828125 0.7564560957218328 0.059375 0.10503293364502539
4 0.1921875 0.29408686416679297 0.0578125 0.2643988432859459
4 0.9765625 0.2056814744247611 0.046875 0.24402271077238852
3 0.68984375 0.5133883935336512 0.1359375 0.26172836123992677
3 0.7171875 0.4932349748175445 0.1171875 0.2553692769309713
3 0.5328125 0.40388106244614963 0.090625 0.2349022408266178
3 0.48203125 0.3395231257760621 0.1390625 0.261746541958086
3 0.484375 0.15672426131468148 0.0625 0.2206761143631847
3 0.46953125 0.2480441529034251 0.0703125 0.23634656615858277
3 0.32265625 0.46515840914994105 0.0765625 0.3004454275949012
3 0.4 0.5218583819243822 0.0890625 0.2848931504675381
3 0.475 0.7058884691602036 0.075 0.20512383723582167
1 0.36875 0.14277032474278978 0.0515625 0.08936248184962739
0 0.525 0.4069606106507516 0.025 0.032957945745273776