8 0.11816329370660184 0.9721284439847281 0.04234203610435352 0.027053396005727138
7 0.16659624852706204 0.9707835726448192 0.028315897540671965 0.033139764003817976
2 0.061899658167982416 0.9704392219923641 0.023601126463433132 0.028397720003181703
5 0.08456499852706204 0.9717380926559549 0.02202953610435352 0.02681703866963616
7 0.24629283888614167 0.9714188246340015 0.02363748789975162 0.034647720003181705
4 0.5903741161117007 0.8900660905872309 0.07776242739850954 0.20714088534372693
3 0.6869491342620732 0.8373763479074133 0.09711239109776422 0.310484061346272
4 0.6471669332522421 0.3112411092457313 0.04488629488495235 0.1958215773392725
1 0.6155305929913583 0.2451984859166402 0.042560204722264315 0.06455339600572704
0 0.5947595507386847 0.3009126839195037 0.02051248789975162 0.034611357336090796
3 0.6073873366466465 0.45702632391791287 0.0530078670936593 0.24903748400699968
3 0.591085625776062 0.47518597792014006 0.06732489714788858 0.29295111600890866
3 0.5260111133812261 0.7048649345958214 0.10022830073868469 0.3089579240133631
3 0.5116708365484506 0.5229882259309577 0.05154536104353511 0.26620680267345415
3 0.49257540290342516 0.4638314019335031 0.08126922247985355 0.27280224801081765
3 0.43820606547121177 0.5191552486075937 0.09653969847574846 0.212046561346272
3 0.37823058089110984 0.28233704861554776 0.06857832493918155 0.2398442973424541
3 0.3657679840891226 0.5575006806174568 0.08280445140261464 0.26813292934436317