3 0.7876606439264346 0.42590084456249205 0.15001013212077402 0.27117608411256366
3 0.7274407614128774 0.4153133233870573 0.1140271803253757 0.26315450585373235
4 0.7872465117074648 0.2204275493829523 0.12780787919390768 0.214798819085449
4 0.36069116129124035 0.895588193309387 0.14962833703943001 0.20555108411256384
7 0.4127899924769379 0.9874757114597597 0.04855567466803503 0.02059430113146803
2 0.4627672665792388 0.9832785699692117 0.039226126463433174 0.028352258976990185
8 0.5142797696043009 0.9743848381195843 0.06120112041330898 0.04566702400410492
5 0.5681860196043009 0.9740712207313376 0.039317030054229284 0.04397725897699019
3 0.8413230168738263 0.7865383627128647 0.14242489109776457 0.3101931323171655
3 0.4555440772768725 0.6817478862259905 0.13278627068445542 0.2648260901626879
0 0.4888287550681656 0.6284274435057787 0.03313066256778665 0.05487839754067192
3 0.43140661962774207 0.5615717416121848 0.18284081283893308 0.2744919816532356
3 0.36900713445846495 0.7135024011549094 0.21717036104353493 0.2668794695529872
3 0.8719134449597069 0.5386957603517326 0.15178171037960517 0.3071226744716434