6 0.78671875 0.91953125 0.053125 0.040625
6 0.78203125 0.96015625 0.0484375 0.046875
7 0.8359375 0.925 0.034375 0.0421875
7 0.8296875 0.9671875 0.0328125 0.0421875
8 0.88984375 0.9296875 0.0515625 0.04375
2 0.86875 0.975 0.0296875 0.0359375
5 0.9015625 0.9765625 0.025 0.0375
0 0.90546875 0.64140625 0.0234375 0.04375
3 0.9171875 0.65625 0.0890625 0.2453125
4 0.9296875 0.603125 0.0609375 0.2234375
3 0.69921875 0.62109375 0.0640625 0.2609375
3 0.5734375 0.509375 0.134375 0.2390625
3 0.56484375 0.39609375 0.071875 0.203125
3 0.28125 0.40234375 0.0828125 0.215625
3 0.2859375 0.2890625 0.0625 0.2125
3 0.2328125 0.4140625 0.0765625 0.215625
3 0.43671875 0.62578125 0.13125 0.26875
3 0.4109375 0.58828125 0.10625 0.278125
3 0.434375 0.625 0.09375 0.3
4 0.2734375 0.26953125 0.0515625 0.171875
4 0.3265625 0.709375 0.08125 0.2671875
1 0.6484375 0.24140625 0.0421875 0.06875