8 0.22850538013203936 0.971392690087933 0.041024989337999786 0.03461134933607006
7 0.2729457234643122 0.963321114854164 0.030142033338636055 0.0392352168225127
7 0.34862697612981225 0.9542864824388027 0.03174089600572696 0.042369307181592576
2 0.17541674279913028 0.9748267622966402 0.025363626670908877 0.031395445745273774
5 0.19729174279913025 0.9746994972695255 0.023837489337999784 0.03451135538619425
4 0.5766877941199491 0.8802984948336385 0.09327947469763487 0.22865224082661798
3 0.775506007439495 0.7775724288714475 0.12538399737427106 0.3022715480082102
0 0.6193970793682256 0.2534451033430908 0.023892033338636053 0.039198855386194255
1 0.6037538980346803 0.251973506933887 0.04460452267663584 0.07369203005422928
4 0.6868760280474069 0.34524626308220707 0.06310107869190791 0.1862920240041051
3 0.17674814473263334 0.48494210568078183 0.06993288136536213 0.23632838544042353
3 0.2644770534293138 0.7055404311109428 0.0952965080362711 0.2677238311856975
3 0.6076072460614063 0.44883941657480736 0.10548966804581603 0.3380908733401752
3 0.6347782733927245 0.433836585290914 0.09929421204645231 0.3427420119038567
3 0.6669838880887686 0.6500701184684013 0.1051805853755436 0.31152837334017497