2 0.7967286688016756 0.9899633445624921 0.02668976933481808 0.011092036104353298
5 0.7748536688016756 0.9900906095896067 0.023564769334818082 0.011073855386194254
8 0.7435127621339485 0.9824599167711991 0.04249658267027243 0.026807939695149587
7 0.7020519681333119 0.9780133112868089 0.04104317067154532 0.03617384933607006
7 0.6238178801320394 0.9690928292407899 0.04273294000636341 0.047120439695149584
3 0.4168469807447237 0.5726137807416004 0.13630331604072535 0.30077268052176753
0 0.519361811386043 0.385285976683266 0.02225680800445442 0.03293976502711464
1 0.391036269374589 0.3016518409482548 0.054070429344363194 0.08155907220870695
4 0.29720500071608863 0.3623580576725717 0.08995448002863507 0.21144656010845858
4 0.5071661821291759 0.9486763109922214 0.08393974267981755 0.09735678903121965
3 0.48526172075904117 0.6776916453011769 0.1189703653723619 0.28817268657189177
3 0.5408748267424965 0.5554848471947708 0.08344994135899882 0.18953519867214014
3 0.5844521040738148 0.5403865671405415 0.11651698002863498 0.21160109621281203
3 0.5521134134309046 0.715586555040293 0.11133967870781625 0.3037522347764936
3 0.8289373533974971 0.46786563076504145 0.10608855736790765 0.2552874636992547
3 0.5627487320575882 0.42097349180857646 0.13710220003181667 0.23515677088084708
3 0.5114311327179977 0.37517517847866405 0.08777381468808994 0.15831246974937888