4 0.1780987706844554 0.26200800930936474 0.09974651170746496 0.22614542401336307
4 0.3337327097904299 0.6914762386219111 0.09167039129415606 0.18074201734563572
0 0.5699913548952149 0.34104733525623077 0.023673849336070064 0.0408977200031817
3 0.3597664063212707 0.19738988395132043 0.08252265027114643 0.21969542934436315
1 0.31564370159900634 0.13383646129059287 0.04733860831306051 0.08023294000636332
3 0.367788505460949 0.3676205679503659 0.08725560206654456 0.22756247334499946
3 0.27575151726660985 0.5288586072963198 0.09675786709365922 0.249546561346272
3 0.4390645835233885 0.5324274079408209 0.12040444535249044 0.28575678134945387
3 0.5605577884420445 0.4653842639242762 0.1045703670936593 0.24963746801399936
3 0.5892691166026799 0.5658382499204582 0.13127831283893307 0.274946550684272
3 0.6341089179305397 0.48406099124764024 0.1028987827847038 0.2308692866804538
3 0.7223487404338343 0.3416184052355499 0.11384537314378348 0.232559056015272
3 0.7919936199223295 0.3603405858927776 0.12176695745273883 0.25139996268299925
3 0.8323651316297946 0.5848860525541415 0.09829309601642038 0.24487724267981753
4 0.8743561471478885 0.28203322521486907 0.08707379488495234 0.19631247334499946
6 0.27359970656897603 0.8304665606301835 0.10185339149054773 0.051181786680454165
6 0.5418911643163025 0.8828172119271397 0.040806807181592394 0.031722714672181594
7 0.35740253482780726 0.8654313592855022 0.031586343285945874 0.0581761266709087
7 0.4786553661117006 0.8913660559357304 0.05508747579950324 0.06938634667409076
8 0.4199207155459665 0.8678291059436845 0.058067030054229286 0.04442270934118149
5 0.39740536611170063 0.8923114852800934 0.02990566861791084 0.03784544533736352
2 0.42478547754801904 0.8982433119430482 0.02990566861791084 0.03784544533736352