6 0.6184241669675907 0.8544643979153677 0.09395907825883114 0.03702838001272681
8 0.47315711876298894 0.8483427619350937 0.04394089754067192 0.033321577339272324
5 0.48547076640185677 0.8802285612667303 0.023619307181592396 0.0315227200031817
2 0.458145197120016 0.8774217346037755 0.0298602168225127 0.030032945337363514
7 0.4105980314289714 0.8592262652769117 0.04564884328594587 0.05833975867281786
6 0.35449802235378514 0.8340995432845478 0.03610112646343318 0.028543170671544972
4 0.06971045277735674 0.6397704773233641 0.09384194535249042 0.2854476986791813
1 0.45221141891249844 0.151758663271821 0.04736587939029935 0.08492044000636331
3 0.4092052657144857 0.42724046861077525 0.08432149960721666 0.26033861067790853
3 0.40315927791292994 0.5265228532781844 0.08920898750696811 0.294768154678545
3 0.6479905097625573 0.47211497457832224 0.10468854176169415 0.26994996801399934
3 0.5881150191323312 0.6931092745862765 0.13882719242562427 0.22972495735199913
3 0.928445624223938 0.4711951752069149 0.1250374031980126 0.27643632535009016
3 0.8515331453993727 0.5322423105506416 0.11728853571157032 0.287282918682363