4 0.1815277768327755 0.18098131352630414 0.06361811416679294 0.1925511143631847
3 0.32490611387220536 0.384841590850059 0.1185237827847038 0.23036927693097126
3 0.2628656978865732 0.5984910003927835 0.1077680899662962 0.2615556444174139
3 0.3177243520665446 0.2247217022863774 0.10271697560311148 0.19902837334017515
3 0.7723583516737611 0.4814604981532883 0.09669423458010193 0.2380545119038567
4 0.41212587538327855 0.7390336662802197 0.08072380093507654 0.17858860831306042
0 0.7408220053627531 0.43242355533488064 0.017351126463433175 0.02822499394987581
3 0.4322742280389984 0.576410946432645 0.08900899960721649 0.25988406010845855
3 0.3878095930895541 0.18525013612779462 0.09331470452587265 0.19428633118569744
3 0.6688919423274283 0.2890871666730032 0.09637607201231528 0.1833670119038567
3 0.48611632464459387 0.43078028386485834 0.0636726563212708 0.2019261143631848
4 0.8186555929913583 0.2475894922013599 0.07755334913967822 0.17075792759490122
1 0.9447408491396783 0.16482192311591087 0.03942611436318444 0.06272725897699045
6 0.3192485498549219 0.8895790878249968 0.05336134933607006 0.04093407220870695
6 0.4709155889843375 0.9066660729942739 0.05962953005422929 0.0440954336450254
7 0.3966513871889394 0.8992853650505557 0.07526362041330889 0.04574883723582168
7 0.5483047907797356 0.9140286002198328 0.07370112041330898 0.04573974687674216
2 0.6225553570365142 0.9190655581635511 0.03303066861791084 0.0376908975406721
8 0.6952570588319122 0.9264553564663487 0.05337043969514958 0.042496572208707305