6 0.3678979998806873 0.8767063831027325 0.09727498933799979 0.03493860226293606
6 0.6449150332193234 0.8360348895456401 0.039389764003817974 0.028352258976990185
7 0.46154800254618744 0.8847547115579555 0.04912839067472703 0.059656801131468026
7 0.58675708788196 0.866058732831586 0.05070907200827239 0.061228391490547554
8 0.5204326538829145 0.8594138230924699 0.04574885200509069 0.03776362041330898
5 0.5090951645449147 0.8938524556060271 0.025399989337999786 0.03452044574527378
2 0.5396093678787783 0.8897689436039746 0.023782945337363515 0.029823855386194253
0 0.46928306528486596 0.35427687119887585 0.025454533338636055 0.039207945745273864
3 0.4344898946133206 0.39041435909862743 0.09340674403245312 0.2395897408266178
4 0.12133700863304701 0.24693356645317038 0.1056885680299077 0.22091246369925477
4 0.9584155539067769 0.6810963629092563 0.07022378270208947 0.2613283854404237
3 0.5116807453055467 0.20169677186280577 0.07436584269572588 0.21448065651766246
3 0.40821665392268536 0.5671177596643615 0.140809002705271 0.28517495159900647
3 0.47622121924732214 0.6307802838648583 0.14235332137172546 0.283621541958086
3 0.2934103612746845 0.43029499141579297 0.15301810136854382 0.2602476744716434
3 0.1941279766072755 0.43634097921734877 0.10138287603436202 0.2536976926220159
3 0.09857802458627643 0.5915739007621258 0.10476241470399827 0.2755908733401752
3 0.6613705679503659 0.3617525070320829 0.10427151869827131 0.23340337334017516