4 0.6328125 0.7642871545727548 0.06875 0.11289997579950324
4 0.053125 0.512190927791293 0.0796875 0.2614011083130606
1 0.37109375 0.15409103971859078 0.0515625 0.07842498184962739
0 0.35390625 0.1893472836684666 0.025 0.03764544574527386
3 0.328125 0.3332472745932803 0.109375 0.2912613251355733
3 0.3875 0.3954018409482548 0.0828125 0.24579428903121983
3 0.60859375 0.4073968051384889 0.096875 0.23337610226293623
3 0.47578125 0.2011382356602564 0.0859375 0.21299996974937896
3 0.684375 0.38273717272312746 0.121875 0.24133404800821018
4 0.7484375 0.2456457180008631 0.0734375 0.20823974687674207
3 0.615625 0.5565746485226306 0.0953125 0.2802420119038567
3 0.3453125 0.4620535306434045 0.0796875 0.2551511083130606
3 0.4984375 0.5174126754536019 0.115625 0.28192268657189173
3 0.2484375 0.5477733829063408 0.08125 0.24891019867214012
3 0.2078125 0.6316034822424108 0.1375 0.2757999515990063
7 0.50390625 0.8697246091968232 0.0375 0.06115566861791066
7 0.3875 0.8508705909482547 0.03125 0.05486930718159257
6 0.58984375 0.8637558894474443 0.096875 0.042751102262936415
6 0.33046875 0.8222961390546608 0.0375 0.029905668617910663
8 0.446875 0.8466189073032293 0.053125 0.04093407220870695
5 0.45703125 0.8793723199692118 0.0296875 0.0361102168225127
2 0.4296875 0.8756251512531051 0.025 0.029832945745273776