7 0.30859375 0.9914749485739442 0.0328125 0.017050102852111594
7 0.22421875 0.9920107588787946 0.0328125 0.015978482242410764
5 0.14609375 0.9972704306199635 0.0203125 0.005459138760073046
2 0.12109375 0.9964119125677866 0.0234375 0.007176174864426699
8 0.17734375 0.9949948583130606 0.0359375 0.010010283373878793
4 0.49765625 0.9395902617074651 0.0953125 0.1208194765850699
4 0.1640625 0.74236073770336 0.09375 0.33179542154477704
3 0.16796875 0.9105062288245651 0.0953125 0.1789875423508697
3 0.403125 0.6968765626425414 0.0859375 0.39112496974937905
3 0.525 0.6686793606507515 0.0671875 0.36132838544042356
3 0.72578125 0.45812872179248243 0.0921875 0.3192863311856975
3 0.68671875 0.293057712815492 0.0671875 0.27382838544042354
3 0.64609375 0.45610261347942194 0.084375 0.31767837939029936
3 0.575 0.3627202521412993 0.0515625 0.30967498184962744
3 0.4859375 0.47782710167376113 0.090625 0.3474022408266178
0 0.40078125 0.3515504271039219 0.0234375 0.04232385538619425
3 0.3890625 0.5608572494108248 0.0734375 0.31761474687674196
3 0.42578125 0.5485708728491958 0.065625 0.364444295081344
1 0.39375 0.23275952048806364 0.0515625 0.08936248184962743