4 0.15859375 0.1609375 0.078125 0.1953125
3 0.2828125 0.3796875 0.1359375 0.2390625
3 0.20078125 0.5890625 0.1296875 0.26875
3 0.29140625 0.21796875 0.11875 0.20625
3 0.725 0.51953125 0.115625 0.24375
4 0.3375 0.74609375 0.0953125 0.184375
0 0.6984375 0.46796875 0.0203125 0.0296875
3 0.3734375 0.58359375 0.109375 0.265625
3 0.365625 0.18515625 0.109375 0.2015625
3 0.6390625 0.315625 0.1109375 0.1890625
3 0.44140625 0.44140625 0.08125 0.2046875
4 0.79453125 0.28828125 0.090625 0.175
1 0.928125 0.2171875 0.04375 0.065625
6 0.2296875 0.8890625 0.05625 0.04375
6 0.38125 0.9203125 0.0625 0.0484375
7 0.30703125 0.90546875 0.078125 0.053125
7 0.45859375 0.934375 0.0765625 0.0515625
2 0.5328125 0.946875 0.0375 0.040625
8 0.60546875 0.9609375 0.05625 0.0453125