6 0.3125252967854491 0.873241015518094 0.10043635200509068 0.038081782981095456
6 0.5942843741247215 0.9153547508837627 0.04097044533736351 0.029923849336070063
7 0.4012338081237671 0.9094461602300956 0.05070907200827222 0.061228391490547554
7 0.5288048247930851 0.9282365459651067 0.0569954346753633 0.06438975292686636
8 0.4667860827895852 0.9028143651487515 0.055160214672181594 0.04094316256778683
5 0.4468190281269487 0.9326200398167867 0.025399989337999786 0.03452044574527378
2 0.474998572127585 0.9371439133533535 0.03317612667090888 0.0314408975406721
0 0.6671436886934987 0.19378830221162266 0.02699885200509069 0.03765453610435352
1 0.6662351693586807 0.18285534739116246 0.04916475334181776 0.06278180113146817
3 0.678673176718634 0.37889001005714495 0.12849081604072535 0.3007272287263694
3 0.6395288607176794 0.3720860190341354 0.11219420138445209 0.3771897347764936
3 0.6979060767424965 0.5545712661072691 0.09673173870145284 0.256795421544777
4 0.12138574602163536 0.15867958753040926 0.07612833736472582 0.23167724687674202
4 0.8155566534054511 0.526541193996758 0.0810885573679073 0.2551420179539809
4 0.4341088481062679 0.780339922330344 0.07959768801718106 0.1270170179539809
3 0.21226002542167777 0.64959041296057 0.1301805853755435 0.3116738190854491
3 0.3935158320337257 0.24616491023009557 0.09640447469763495 0.2286704215447771
3 0.3917367980585428 0.42900013612779464 0.09694991470399827 0.275545421544777
3 0.3774941267504507 0.6150330848981306 0.10834194804263442 0.31467155405833436
3 0.544335086728179 0.4499888261175319 0.10289083203372584 0.24901928298109546
3 0.5821896227323151 0.4802394074996211 0.109395370703362 0.2709306444174141