7 0.30220829362741564 0.9668629727084527 0.023682939695149674 0.042460220003181705
7 0.22485090808879624 0.968306746697953 0.023682939695149674 0.04246022000318135
5 0.14749352255017684 0.9697505206874535 0.020476126463433088 0.028361357336090975
2 0.12404693219109722 0.9710403006842719 0.02362839754067201 0.0330852200031817
8 0.17875261290925643 0.9685516473583625 0.03925339754067196 0.03326703333863605
0 0.551888711165172 0.21893619207508747 0.014207945745273776 0.025163632001908985
3 0.5521518106976337 0.3080077827418602 0.04008062021691714 0.17545453333863614
3 0.5792001240275463 0.35910720607890545 0.060502204525872474 0.19444089067472695
3 0.766777392079723 0.34800771610435877 0.04154312626704133 0.1582852146721816
1 0.7476415726996863 0.27981169943504075 0.03475679508134384 0.06602498933799979
3 0.7277502117543472 0.6100713640992682 0.04352378278470379 0.23017839600572715
3 0.7448826487190223 0.7540304494350407 0.07669989714788841 0.2930602040101814
4 0.663873022353785 0.8460628607574504 0.06402718032537572 0.26322725334181774
3 0.4182065192305271 0.7697618007240428 0.06872377068445541 0.2648442973424542
3 0.469919531036188 0.6101964440642698 0.0451953670936593 0.24894657733927233
3 0.4565797145830176 0.4858140620623607 0.07005901170746505 0.22579997867599957
3 0.305621202580965 0.5145283133752253 0.059121511707464956 0.2256727093411815
3 0.3334234948336386 0.5703243273790434 0.05444310206654457 0.22718066534054504
3 0.14347975088376277 0.5853027953532719 0.05600560206654457 0.2271988466740904
4 0.028241612025493655 0.3831670360041362 0.05427038524403183 0.19749316534054503