6 0.31422360944458577 0.8213038700205253 0.09571248933799978 0.034929511903856535
6 0.5880974614496765 0.8603946828594585 0.039389764003817974 0.028352258976990542
7 0.4005520081158128 0.8553975897699043 0.04911020934118149 0.05809430113146803
7 0.5249707527848126 0.8733077733167341 0.05070907200827222 0.061228391490547554
8 0.46453269211485837 0.8487390444921686 0.05199885200509051 0.03779998184962707
5 0.4445656374522217 0.8783083698241338 0.02538180800445424 0.032957945745273776
2 0.4727360907860854 0.882378246287567 0.03159544533736351 0.029869307181592576
0 0.8006390833863612 0.3952565379510652 0.020694308004454244 0.03293067466803503
4 0.7915260706954077 0.2163093813352069 0.07583743602799871 0.206677246876742
3 0.5488931280235443 0.17661912567786622 0.07429311736154424 0.20823065651766243
4 0.029146438733269664 0.49076135538619425 0.04960220003181672 0.2346477107723885
4 0.6082906880967227 0.7159906978865733 0.09131698535963509 0.1942681504675381
3 0.8548453253898611 0.42135140533931204 0.12138629336408968 0.22725336729005097
3 0.48293286803786184 0.2816969902374426 0.07587379869508962 0.20980224687674198
3 0.44362546737745256 0.3275589360809124 0.08862833736472595 0.23174996974937886
3 0.4807351160486796 0.3613663095192834 0.11373742536599848 0.24127041549465283
3 0.5664191720639516 0.4743571889095827 0.09504196936663475 0.2458488311856975
3 0.6268663234006787 0.4997071677341481 0.10594310669954403 0.24278746369925486
3 0.6554538527211793 0.40534863455666076 0.08553970003181668 0.23485678903121981
3 0.1633043574156326 0.6071590359079618 0.08239651869827122 0.23327610831306062
3 0.267973128739633 0.5390226351458359 0.11368288136536223 0.23658291549465282
1 0.3890454133513628 0.1350669090517452 0.046257929344363194 0.0815136204133089