7 0.7328525076022483 0.9384115892345954 0.023682939695149584 0.042460220003181705
7 0.8101826220636289 0.935167863224096 0.023682939695149584 0.042460220003181705
5 0.8875036461659299 0.9303616372135963 0.018913626463433177 0.02834317600254508
2 0.9109366009863902 0.9293076672104148 0.023628397540672096 0.0330852200031817
8 0.8562627365250094 0.9322877638845053 0.0392533975406721 0.03326703333863605
1 0.24401466217500314 0.31124439330045606 0.03312157220870695 0.05350680800445433
3 0.35195897238165763 0.3326461312858203 0.044495409444528636 0.1286340773392725
4 0.13424527331673403 0.5133165179821827 0.04957379488495221 0.19587612133990895
4 0.29468436620989646 0.82865861262732 0.0575135599120669 0.21784202800763594
4 0.8021089633064713 0.35319115722473227 0.032140855189802406 0.15348862667090887
3 0.7432112071581513 0.4359132978994592 0.05571471057599684 0.17719884667409058
3 0.6562293576256895 0.5259939525780041 0.06676129488495235 0.19607611600890867
3 0.6352446919346448 0.5449894005808675 0.04488629488495235 0.1958215773392725
3 0.507046969062008 0.5339802699315941 0.05743174668035032 0.20377952800763593
3 0.6205423633812261 0.703764963916322 0.08090560811666876 0.21030224801081765
3 0.6838417940993853 0.7061536199077315 0.09210672852997774 0.25574201734563573
0 0.7232128454272452 0.6244399959023227 0.017378397540672098 0.033012494668999894
3 0.09425257415361459 0.7567670733211369 0.06537151170746495 0.2257454346753633
3 0.23673498994285502 0.6715097313017286 0.055978330989305644 0.2225113466740904
3 0.33150609269677067 0.4430478292886839 0.03543857201231528 0.18321248933799977