2 0.21002810013522105 0.9966300811856975 0.028215906667727175 0.006739837628605016
5 0.23268435013522107 0.9967028040583343 0.023528406667727174 0.006594391883331241
8 0.2654059434674938 0.988967572110511 0.036210220003181706 0.022064855778977942
7 0.3083201494668575 0.9844164274967053 0.02850680800445433 0.031167145006589438
7 0.3863542427991303 0.977214993704386 0.033357940006363405 0.04557001259122799
3 0.2903032094207233 0.6453953549934108 0.15225558004454348 0.32898858411256365
3 0.29986747139558806 0.46030728268650795 0.11093968936981646 0.2693772347764936
3 0.3257578093968607 0.46983227361132157 0.13003513470717998 0.2991738190854491
3 0.43046458541531435 0.6063697373105764 0.14972946936663475 0.24616699375348397
3 0.3964719407622229 0.706165204231285 0.13657603604390706 0.32421018052176753
3 0.7992873107494962 0.6147650620533662 0.14386127737108936 0.2789431323171655
3 0.9248206497055891 0.7569121763183551 0.15035870058882175 0.3571408551898026
3 0.9080430507240429 0.42791047754801903 0.15781468936981682 0.2696499455488821
3 0.8056260280474069 0.3538821042078439 0.13443173337045272 0.27420109016268784
0 0.509716828095132 0.7036992552645573 0.03017839600572696 0.042360216822512696
1 0.25964990937299814 0.2936783188890573 0.06353633601209037 0.0894261143631847