4 0.6620419786281736 0.19753445408972314 0.07303856596219109 0.20083634134309042
3 0.9511408400644921 0.5352730007956304 0.09771831987101579 0.26522610534690844
6 0.7291957215960907 0.8638957980983136 0.09867384933607007 0.04177042401336308
7 0.6442349143163024 0.8964986654200869 0.03788179508134384 0.06606135200509052
8 0.5809127577004441 0.8887310714114964 0.056486349336070066 0.04127952800763594
5 0.6013934293434172 0.9178736787475872 0.026753397540672096 0.03312158267027243
2 0.5732866100615764 0.920671414743769 0.0314408975406721 0.033176126670908704
7 0.520901953445718 0.9130310900699967 0.034720433645025396 0.05977498933799978
6 0.4583201402140015 0.898241336728179 0.0392352168225127 0.030142033338636055
1 0.27710389724608436 0.230552755370771 0.048873837235821685 0.07556362133990877
4 0.4785775771786767 0.7547367847310426 0.08543857201231528 0.18379429201145392
0 0.7999464996072165 0.2686656614417223 0.025245439695149762 0.04247840133672707
3 0.2120804235878805 0.7360118673615441 0.11863286709365921 0.24980110001590833
3 0.4009833214231401 0.5765021493873157 0.08879083098930565 0.222893154678545
3 0.41480895120622285 0.4016748720559974 0.07467378883482798 0.21335452267663585
3 0.4509055324901162 0.42943679272754265 0.07008628278470379 0.23048747867599956
3 0.6541936380727023 0.3255594567552232 0.08548402380771343 0.191606792011454
3 0.6691151770057261 0.47337933875713223 0.1045612767345796 0.24807496801399936
3 0.634131643828239 0.5026577587523597 0.1186146863754999 0.24667610001590834
3 0.7470623941228264 0.30945374610117715 0.10129992134838535 0.22460110534690844
3 0.7224856167008757 0.5161850040976773 0.08280445140261464 0.26813292934436317