7 0.61484375 0.9612666937021703 0.0390625 0.047102258976990184
7 0.69375 0.9740888805686498 0.0375 0.04396816861791066
5 0.76953125 0.9845854981532882 0.0234375 0.022011355386194253
2 0.7921875 0.9852349379466337 0.028125 0.020476126463433175
8 0.7375 0.9800843505144204 0.040625 0.031486349336070064
4 0.30859375 0.7771109040817755 0.0875 0.20988406010845856
3 0.2375 0.6876807654198982 0.0890625 0.24270565046753828
3 0.2875 0.5092648739293504 0.09375 0.18023292154477702
0 0.37890625 0.1806080879231927 0.0203125 0.03136817466803503
1 0.35625 0.25417739812984713 0.0421875 0.06743293969514967
3 0.43359375 0.38653992535540604 0.071875 0.16916815651766245
3 0.4 0.4664228680756179 0.1078125 0.2115647347764936
3 0.48359375 0.48156153386485834 0.1140625 0.23191359621281205
3 0.53125 0.33597177791293 0.0703125 0.17540906615858276
3 0.66875 0.39454682631392357 0.0921875 0.1849113311856975
3 0.75234375 0.4112479921031641 0.0890625 0.21301815046753828
3 0.66640625 0.6469042118525431 0.103125 0.24122496369925486
4 0.82734375 0.3975304048673424 0.0625 0.1613011143631847