2 0.8785599241326757 0.9722986007108121 0.023819308004454243 0.032948855386194256
5 0.8551406054662213 0.9739974560970065 0.019095445337363515 0.02979658430895569
8 0.8238360614655849 0.9694917632785988 0.03797271467218159 0.040843168617910666
7 0.7792775394652667 0.967407088512368 0.0223840773392725 0.04387726502711473
7 0.698763336131403 0.9639689920049683 0.027071577339272325 0.0439045361043533
1 0.8013288793761799 0.31098437168985515 0.03664657200827222 0.061146578258831144
3 0.7322719860757239 0.5535900282075176 0.08557606269890758 0.23798178903121964
3 0.6779304787555414 0.650787735954844 0.10596238271799763 0.3787158733401753
0 0.2503947300684059 0.5024836088040399 0.022220445337363514 0.02981476502711473
3 0.27328733740449673 0.5226642985973854 0.07676358935390812 0.1519988372358217
3 0.32249699673772403 0.5215967022863774 0.045513589353908125 0.15181703005422928
3 0.3504038207351787 0.5026830758229442 0.09600448535963509 0.19429542154477702
3 0.3017946927514052 0.6225052173134921 0.13078056938254318 0.36323631908544896
3 0.46245892540576944 0.5309393651487516 0.07540108402290802 0.169177246876742
3 0.4721793707431329 0.5605723229942738 0.10129196936663476 0.24588519262201594
3 0.6309549340785873 0.5752746515476928 0.0955328653723619 0.2880363311856975
4 0.9739754913669529 0.6420065918320176 0.05204901726609421 0.3050238432859459