3 0.7687076734896847 0.8024473187417636 0.11636236084714327 0.3951053625164729
3 0.72530765231425 0.8625672073054449 0.053162403198012596 0.2748655853891101
3 0.6464781494855796 0.7394518941719244 0.2139827702916719 0.5210962116561513
3 0.5957287157423583 0.7442595809893058 0.29830322813719423 0.5114808380213886
3 0.2749713090283041 0.8013221263652373 0.17106804156530248 0.3973557472695255
3 0.21914401072550632 0.8739692860061578 0.06397263817089804 0.25206142798768455
7 0.47398150165032 0.9019458577238855 0.0362920240041051 0.061146578258831144
7 0.5309945709321607 0.8991526558302914 0.031586343285945874 0.05799430718159222
2 0.4814440228257547 0.8418350595192834 0.0907977168225127 0.03021474082661797
8 0.554876977646215 0.8414810563960253 0.03455680718159222 0.03144998789975162
1 0.8569363221105112 0.12295026677563052 0.11520788524403187 0.19753859621281208
1 0.3787912006170477 0.7881146409995685 0.018986349336070064 0.04073408430895533
0 0.6917275378528693 0.8649327128154919 0.0742374515990063 0.1379272468767418