2 0.043299128211948985 0.8629454426718635 0.026762487899751587 0.03468408267027243
5 0.06521048964826745 0.8694499813414996 0.022056807181592353 0.031504538669636165
8 0.09647412518688689 0.8721573580124085 0.040879530054229306 0.0442227146721816
7 0.13948832698228497 0.8804698446849082 0.039307939695149674 0.04264203333863605
7 0.21691389021400154 0.8954323206954078 0.042460210772388506 0.04736589600572714
1 0.6993970537637468 0.3073367154280411 0.04567611436318479 0.06302725867281786
4 0.768997002337691 0.4542304441040407 0.07301129488495235 0.19614884134309046
4 0.36090672550491554 0.26746295671545234 0.06810562626704134 0.15859429734245412
4 0.24680085723290598 0.7957868566995439 0.07582722267624523 0.14306020401018138
0 0.29863450536275316 0.44016411270686173 0.020494307181592397 0.0314863573360908
3 0.31894700536275317 0.4404004700429526 0.11356357201231529 0.18412155601527208
3 0.3593992885402404 0.41118568471513417 0.10764991529826115 0.24186133068109025
3 0.3434743066906131 0.3594413713796797 0.06354539129415607 0.18041475334181775
3 0.2745197736113217 0.3234851427036801 0.06508971057599684 0.1773079346753632
3 0.1709236375817229 0.6441329026893625 0.11082036709365921 0.24971019334818118
3 0.3391691226528041 0.5593777367122706 0.08411242134838534 0.22440111067790874
3 0.5762236950579028 0.48557879941117826 0.1075044695529872 0.21686133068109026
3 0.6533816135776178 0.588813434754905 0.0887726502711466 0.219768154678545
3 0.7126202581914235 0.5660668254296319 0.07789878278470379 0.23057838534372674
3 0.8389065440011894 0.7886150821132676 0.10927604781181835 0.25281701201463563