8 0.1608156791660351 0.9609375 0.03925339754067196 0.0328125
7 0.20771340506373415 0.95703125 0.028352258976990452 0.0390625
2 0.1069139743455749 0.96015625 0.023610216822512742 0.0296875
5 0.12955658880695547 0.9625 0.022074987899751618 0.034375
7 0.2835173809614332 0.953125 0.022120439695149673 0.0421875
1 0.9829614491631193 0.24296875 0.016015885440423715 0.0671875
4 0.9287824883907309 0.28984375 0.03988063231716552 0.140625
4 0.6734207391762979 0.80859375 0.05748628883482798 0.2125
3 0.7628423083599427 0.746875 0.10149990924813679 0.2578125
3 0.7651643742239379 0.48203125 0.07308401775758924 0.2078125
3 0.6966638382177803 0.5734375 0.0637635599120669 0.2171875
3 0.6208331121236895 0.44765625 0.07622719847574828 0.2109375
3 0.6149739975641131 0.38046875 0.0915340359079618 0.15625
0 0.5135114915139889 0.36328125 0.017332945745273776 0.025
3 0.541727395104785 0.34765625 0.07741699375348396 0.146875
3 0.5457371424725064 0.5984375 0.06380901170746504 0.225
3 0.4542531035394825 0.74609375 0.07010446350286301 0.2328125
3 0.13440525361423727 0.39765625 0.08855448165323568 0.18125