2 0.9234375 0.94140625 0.025 0.034375
5 0.89921875 0.94609375 0.021875 0.03125
8 0.865625 0.94453125 0.040625 0.0421875
7 0.8203125 0.94921875 0.0375 0.0421875
7 0.7390625 0.95703125 0.040625 0.04375
4 0.64921875 0.85 0.1015625 0.278125
4 0.09140625 0.40546875 0.0703125 0.2234375
0 0.525 0.3171875 0.0203125 0.034375
1 0.67265625 0.24375 0.046875 0.0765625
3 0.7140625 0.803125 0.0984375 0.25
3 0.69453125 0.62109375 0.0796875 0.2
3 0.59140625 0.51640625 0.1125 0.284375
3 0.53671875 0.38125 0.0703125 0.1890625
3 0.48359375 0.309375 0.065625 0.21875
3 0.26796875 0.690625 0.0953125 0.353125
3 0.12734375 0.46484375 0.0625 0.2359375
3 0.3171875 0.5265625 0.0734375 0.259375
3 0.4078125 0.47890625 0.0953125 0.246875
3 0.43359375 0.621875 0.0796875 0.28125