2 0.002105838021388566 0.9054960210772389 0.004211676042777132 0.03599204215447784
5 0.014227025477043057 0.9118323794884953 0.023628397540671968 0.032948855386194256
8 0.047025889938423625 0.9143670270291672 0.04401362041330892 0.04556703005422946
7 0.09230202850210516 0.9208806474424762 0.028388620413308897 0.04547612646343282
7 0.1742560104499284 0.934639141294156 0.033085210772388504 0.0470658975406721
0 0.7244979467272324 0.6276736073311019 0.01893180718159222 0.03135908430895533
4 0.8755195703619952 0.7215241221618248 0.08885446350286301 0.23332156010845856
4 0.32849860373587425 0.8777220416634984 0.1168885599120669 0.21786018657189174
1 0.7089330758229443 0.34866736338122606 0.03945338544042354 0.06741475897699045
3 0.6495075579671592 0.4912952249157404 0.09331470452587247 0.1942863311856975
3 0.6043450488919729 0.46525035450243146 0.10592378883482798 0.21310905405833439
3 0.6816564617543472 0.6055486224564124 0.09981014422102223 0.23651019262201595
3 0.5368757477605047 0.513296969062008 0.09047150565734086 0.2427056504675381
3 0.4862490338648583 0.4864390323919204 0.08562037919390768 0.21455337939029934
3 0.40294110929501914 0.5711134933607006 0.07161242134838534 0.22384656615858275
3 0.24262227459328028 0.32954764119596014 0.09633971057599684 0.1771170119038567
3 0.06916659387512104 0.3316636113381226 0.07766243344863374 0.1895079275949012
3 0.6209633596878026 0.831765688811387 0.12477378278470379 0.23040563836729006