6 0.3691076492891878 0.8650694463344492 0.09391362646343318 0.028670421544777013
7 0.459823552879984 0.8801672055078313 0.026889752926866173 0.056404536104353295
5 0.5059945709321607 0.8931802899149826 0.022038626463433176 0.028252265027114733
2 0.5341104805730812 0.8914541634515494 0.022011355386194253 0.023564765027114732
8 0.518299128211949 0.8595138170423458 0.05019089754067192 0.03310339149054755
7 0.5832110559050461 0.8708553171405414 0.04252384328594587 0.05805793969514959
6 0.6408644746211529 0.8431752238545955 0.03764544574527377 0.025218168617910663
1 0.2542976563212707 0.20008986182910196 0.04420451795398091 0.07837953005422929
4 0.18453512304558756 0.2950301779876847 0.06371810811666875 0.2097386143631847
3 0.30544304156530255 0.39667397033855417 0.09828400565734077 0.24275110226293634
3 0.31946865924813694 0.2559626119272978 0.0589851563212707 0.20189884328594587
3 0.3609981499765589 0.4111950125912277 0.06704309601642038 0.24413179508134403
4 0.513702010921898 0.7407865429400446 0.06329086123992678 0.13630111436318462
3 0.348121941836449 0.6151830758229442 0.07786242134838535 0.2238829275949012
3 0.3502525892789251 0.7128302354638647 0.06687946955298721 0.21600679508134385
3 0.5431834152000652 0.30231894057891245 0.12301129488495235 0.1960215480082102
3 0.6369248457218328 0.4345905642136752 0.06530787919390768 0.21443520472226432
4 0.8035209515008106 0.1976758506126163 0.06212833703942984 0.2050420240041051
3 0.8282088967551051 0.5467627904059619 0.08276808996629618 0.2614101986721401
3 0.7014645895735127 0.5162491094914109 0.06707945745273883 0.250381795081344
0 0.754861258584207 0.29405594692362425 0.01893180718159222 0.03135908430895542
3 0.770677156124879 0.3267775433328281 0.07475560206654457 0.22698974687674198