4 0.3253989340378089 0.2 0.04485902380771343 0.190625
3 0.08891951591087743 0.56171875 0.06708854781181843 0.2515625
6 0.35130029948114816 0.85078125 0.09235112646343317 0.028125
7 0.4371150796335733 0.871875 0.028470433645025394 0.059375
8 0.49736223322436945 0.85625 0.050190897540672096 0.0328125
5 0.481559971222317 0.88671875 0.0220477168225127 0.0296875
2 0.5096895164018568 0.8859375 0.026726126463433177 0.028125
7 0.5589855344540335 0.87265625 0.02688066256778665 0.0546875
6 0.6169252994811482 0.85078125 0.03452044574527378 0.025
1 0.7020614279876847 0.1828125 0.03789997579950324 0.06875
4 0.5786582059006147 0.7140625 0.06037493949875792 0.171875
0 0.20224271428842994 0.2859375 0.01897725897699045 0.0390625
3 0.8336411425707023 0.66328125 0.08259537314378348 0.23125
3 0.6297126875538503 0.5328125 0.05746810811666876 0.209375
3 0.5924041059753694 0.365625 0.04493174668035031 0.203125
3 0.5609722987937771 0.396875 0.03879083098930565 0.221875
3 0.3496898860295987 0.321875 0.05729539129415606 0.1796875
3 0.35666152781473415 0.46640625 0.0701135538619427 0.234375
3 0.394020627249 0.490625 0.08413969242562427 0.228125
3 0.259083066747758 0.31875 0.06996810811666876 0.209375
3 0.31107177186280577 0.5140625 0.04524081888905727 0.25625