4 0.3467315245465056 0.8872333970496926 0.09607721069381689 0.200545421544777
1 0.5337182826225475 0.3281270835233885 0.06037497334499946 0.08628293364502548
3 0.6509661332352318 0.7264923815315987 0.134395370703362 0.271076090162688
3 0.5097337005888217 0.5764418636758137 0.0892828653723619 0.287999969749379
3 0.4876399772438223 0.6622566438282389 0.12716467337681614 0.32103063836728973
3 0.33723199192395803 0.5621561289975159 0.11126695337363453 0.2975022347764936
3 0.3294484059516386 0.35819079166349843 0.0729124306969986 0.22384656615858275
3 0.34227512261300247 0.39733055971567516 0.1075965133672712 0.2506090540583344
3 0.05838329630809207 0.5300602047222643 0.11676659261618413 0.316288596212812
0 0.541448966621593 0.3352037853187866 0.027017033338636053 0.039217036104353474
6 0.1407457012253686 0.7961851744716433 0.05039998933799979 0.03466589149054773
6 0.1332508272199598 0.8359880178557851 0.044204533338636144 0.039317030054229464
7 0.0947337672263231 0.7888857588787946 0.03166817067154524 0.03611930718159222
7 0.08722980255414155 0.8294698522629365 0.0332670333386361 0.0392533975406721
8 0.045651377227913945 0.7768806625677867 0.04574885200509068 0.03776362041330898
2 0.049012187221550596 0.8237783884654857 0.028470445337363447 0.029851126463433176
5 0.019397412555732376 0.817355671642973 0.025363626670908895 0.031395445745273774