4 0.8046875 0.20546278492600312 0.06875 0.18321247579950323
3 0.93515625 0.4007530799091512 0.06875 0.20664997579950323
3 0.57421875 0.4142782069617595 0.084375 0.21142837939029935
3 0.4109375 0.23364076443793946 0.0546875 0.15500566256778664
3 0.27578125 0.5492606983775525 0.0921875 0.2083488311856975
4 0.40390625 0.7343811078220812 0.0671875 0.1878908854404237
3 0.13203125 0.6788931353422277 0.09375 0.21773292154477702
0 0.30234375 0.27910273448190603 0.01875 0.02823408430895542
3 0.35390625 0.42002771633153346 0.0921875 0.18959883118569748
3 0.36640625 0.44822543920417035 0.0765625 0.1895079275949012
3 0.359375 0.3849032825883121 0.0765625 0.20669542759490128
3 0.33984375 0.3097896530998169 0.040625 0.09242384933607006
3 0.3171875 0.34012659289316244 0.0671875 0.20195338544042354
4 0.25 0.3022357074527388 0.059375 0.1706579336450255
1 0.3203125 0.21201977361132163 0.0375 0.04709316861791084
6 0.7140625 0.8822792940993853 0.0515625 0.04092498184962743
6 0.571875 0.9048895714231401 0.05625 0.04407725292686635
7 0.64140625 0.8943565924021829 0.071875 0.047293156517662284
7 0.49921875 0.9146231197259379 0.0703125 0.04572156615858276
2 0.43671875 0.9228532553627531 0.0328125 0.0361283975406721
8 0.36875 0.9333953247427897 0.0515625 0.04248748184962743
5 0.30546875 0.9408396652000652 0.034375 0.04082498789975162