2 0.9265156187937216 0.9252832385423695 0.0222386266709087 0.031504538669636165
5 0.9038957314608123 0.9286718678787782 0.019077264003817974 0.02834317600254508
8 0.8726184594604941 0.9266917445496873 0.03797271467218159 0.04106135200509087
7 0.8281053907940397 0.9287724125557324 0.022365896005727137 0.04244203866963616
7 0.7492355034611304 0.9328155698997772 0.027071577339272502 0.044059082670272434
4 0.7947918094366317 0.7517922892266412 0.1897748560629971 0.46620789735836254
3 0.89485270739177 0.4201144805458692 0.08403174403245295 0.24000792934436319
3 0.9792255180219535 0.5308150758673242 0.04154896395609313 0.4380272586728179
3 0.7824345233927245 0.42845478656114117 0.10892265603118041 0.23092383068109026
3 0.45065835940481486 0.5213899106063209 0.16448286004136178 0.3065601773551808
4 0.17654815006363345 0.46675914397677376 0.067752216024817 0.18357611600890866
3 0.05718962273231516 0.4829937659930003 0.10656127204008907 0.29651246801399933
3 0.26291455342931375 0.7040676926320926 0.2672100600731785 0.5420987827020891
3 0.39769699140672393 0.536070575946866 0.12660105203690736 0.2733113253500902
0 0.4131856314051331 0.5241700126114116 0.025527258672817865 0.045603401336727065