3 0.20859375 0.790192687062871 0.1484375 0.37898858411256386
3 0.25 0.8579205425472611 0.0703125 0.24415906615858277
3 0.34375 0.7323751210024841 0.2609375 0.5249555899662962
3 0.3953125 0.7406688891528568 0.35 0.5160987404338343
3 0.7359375 0.8152496908735 0.20625 0.36213742739850974
3 0.7921875 0.8969536879466338 0.08125 0.19734769867214014
7 0.51484375 0.9454422266832658 0.04375 0.06900453005422946
7 0.45390625 0.9379842506873711 0.0375 0.06428066861791067
2 0.5109375 0.879839952580965 0.1 0.038081782981095456
8 0.4328125 0.8748257205349459 0.0390625 0.03616475897699054
1 0.1578125 0.0942721747662309 0.1375 0.1885443495324618
1 0.6234375 0.8299666967272327 0.021875 0.04387726502711473
0 0.28359375 0.8897563498270493 0.0890625 0.15364315046753846