7 0.7376468785407785 0.922989468000863 0.0255090773392725 0.04389544574527378
7 0.8173980132081876 0.9170571096878026 0.025509077339272324 0.04389544574527378
5 0.8955957385423694 0.9103525917338218 0.020657945337363516 0.029805674668035208
2 0.9198326698759148 0.9086491911680877 0.025399989337999786 0.03452044574527378
8 0.8635372165420513 0.9128826940949539 0.04104317067154497 0.03617384933607006
1 0.22390747795991092 0.29398985275391565 0.035029528007636035 0.05644998789975162
3 0.33540805195736556 0.31208989207972293 0.049982913351362866 0.1330943011314681
4 0.11521208859804861 0.5047642471713296 0.0601760733609078 0.20346134328594587
4 0.2849405965547779 0.8225052173134921 0.0682249306969986 0.22381929508134385
4 0.7985711232893202 0.3195508506126163 0.03933631468809011 0.15803066861791085
3 0.7389683092775481 0.406610489078102 0.06460903469127163 0.18161361436318463
3 0.6511495885980485 0.5016462540070208 0.07734539202736243 0.20199883723582168
3 0.6306007312619578 0.5220769286750558 0.05390789202736244 0.20186248184962743
3 0.49866947859645777 0.5142513140172834 0.06806129869508962 0.20975679508134384
3 0.6177723725732316 0.684640561188613 0.09158970536281678 0.21770565046753826
3 0.6825888505729134 0.6866070612868089 0.1046351453691802 0.26465337334017536
0 0.7218700739179129 0.6004468474893583 0.019149989337999784 0.03448408430895533
3 0.07792807523077745 0.7549642350710812 0.07612833736472582 0.23167724687674215
3 0.22273259257641326 0.6635029220357564 0.0682976560311804 0.23006929508134383
3 0.31689331460854814 0.4262523860295987 0.04436926002545345 0.1877454396951496