2 0.08332468539354135 0.8942045179539809 0.023628397540671964 0.032948855386194256
5 0.10600366129124036 0.8982425781606352 0.018913626463433086 0.028234084308955687
8 0.1364769564707802 0.8992010901626879 0.039298849336070064 0.04085225897699054
7 0.17946843236847926 0.9033573250373774 0.023682939695149674 0.04232385538619425
7 0.2568485438047977 0.9100572978118183 0.028379530054229284 0.04391362646343282
4 0.2175900802037388 0.7418658340143678 0.20749642095560183 0.48400333703943
3 0.13123792710392196 0.4015312046240685 0.09199764422102227 0.23646474082661778
3 0.038096981162256335 0.5056732830792914 0.07281234874689488 0.43009656615858277
3 0.2406856499765589 0.4146675297596417 0.11696128278470379 0.23036018657189175
3 0.5623929992144331 0.5220043485505031 0.17364762002052547 0.30568743949875793
4 0.8316742643397437 0.4806036854917372 0.07450107201231511 0.183239746876742
3 0.9447635750373774 0.5008030768840891 0.11047284992524524 0.2944045058537325
3 0.7400327067653678 0.7081878091264999 0.2843770835233885 0.5391362646343312
3 0.6148276528052292 0.5379338755796704 0.13595672247985355 0.27265677088084705
0 0.5991344751121321 0.5261242219888741 0.028388620413308984 0.04547612646343317