7 0.21002533880695545 0.9625 0.022102258976990453 0.0390625
7 0.12802590506373415 0.95703125 0.017414758976990453 0.0390625
5 0.04757533578189338 0.95390625 0.020494307181592352 0.03125
2 0.023370221320512804 0.9515625 0.025199987899751593 0.034375
8 0.08038329060235358 0.9546875 0.04083407825883121 0.0359375
4 0.3282349833225654 0.92109375 0.07425563231716552 0.140625
4 0.6555671813073344 0.3859375 0.0683419756031114 0.1984375
3 0.14777740720503346 0.38203125 0.07326582493918155 0.2390625
3 0.43074392242853987 0.48984375 0.0795612767345796 0.246875
0 0.7268876694034777 0.48125 0.02051248789975162 0.034375
3 0.7430802959651067 0.51796875 0.07966127068445542 0.2640625
3 0.5114212298065239 0.58828125 0.07987943930236625 0.3015625
3 0.3488979830279778 0.7265625 0.07350217427525152 0.2796875
3 0.2818655400131784 0.565625 0.09202491529826115 0.240625
3 0.07569631148320069 0.8203125 0.11429989109776433 0.309375
1 0.6295501028521114 0.2921875 0.0457761083130606 0.0796875