6 0.3598804139425288 0.853125 0.0954852168225127 0.0296875
7 0.4488292844540335 0.87265625 0.039389752926866174 0.05625
8 0.5098622332243694 0.85625 0.051762487899751616 0.034375
5 0.49483667604277715 0.8875 0.020494307181592397 0.03125
2 0.5213946308632373 0.88828125 0.023610216822512697 0.0296875
7 0.5715037151721927 0.86953125 0.04250566256778665 0.0546875
6 0.6317872301993074 0.84765625 0.03608294574527378 0.025
4 0.6777542360530399 0.73515625 0.04445904800821019 0.121875
1 0.3415324732654204 0.246875 0.034738614363184706 0.0625
3 0.18701210314669908 0.48671875 0.05095448770335986 0.1640625
4 0.05954965759781693 0.64140625 0.04504083098930571 0.221875
0 0.34704667506081843 0.2390625 0.017342036104353475 0.0265625
3 0.3107541301758663 0.434375 0.06519879488495217 0.1953125
3 0.3544995849963265 0.43515625 0.05469763212077385 0.2703125
3 0.3231263442679045 0.590625 0.0872828731437835 0.23125
3 0.39105925371243316 0.4625 0.062091975603111485 0.1984375
3 0.44258539227611465 0.46875 0.05881243949875792 0.171875
3 0.4854081756499937 0.628125 0.07155787919390769 0.2140625
3 0.5239949944408551 0.30703125 0.06184653590796181 0.15625
4 0.6188307714700223 0.2546875 0.049537433448633726 0.1890625
3 0.8342951275435876 0.68515625 0.08428513817089822 0.253125
3 0.816395596998379 0.4046875 0.060502204525872474 0.19375