7 0.38203125 0.9666484139481387 0.0375 0.047311352005090866
7 0.303125 0.9761603212921838 0.0375 0.04106135200509087
5 0.22890625 0.9879614346355924 0.0234375 0.019022720003181705
2 0.2046875 0.9890244953055468 0.028125 0.01751476400381833
8 0.25859375 0.9829284892982288 0.0390625 0.028579533338636054
4 0.68984375 0.7825979412396862 0.084375 0.2087942920114539
3 0.7625 0.6950337592298229 0.084375 0.2416067920114539
3 0.71640625 0.5166638585694135 0.090625 0.17917951734563572
0 0.63125 0.18874849124764032 0.0203125 0.0299238573360908
1 0.65234375 0.2627217932447768 0.040625 0.06609771467218159
3 0.57265625 0.3941177912555945 0.0671875 0.1679692973424541
3 0.6046875 0.4734325739179129 0.1046875 0.21059314934754472
3 0.521875 0.4884586845958214 0.1109375 0.23097837468172652
3 0.4765625 0.34367344326863936 0.0671875 0.1757817973424541
3 0.3390625 0.4015234006206384 0.090625 0.18542951734563573
3 0.25625 0.4188932612985471 0.0859375 0.21193747334499946
3 0.33671875 0.6531131726209567 0.0984375 0.24177042401336307
4 0.18125 0.40414096530872834 0.0609375 0.1616465720082722