6 0.3875 0.8759597792807297 0.0921875 0.02919769867918127
6 0.65703125 0.8532922492441404 0.0375 0.025436352005090868
7 0.4765625 0.8897671932686393 0.04375 0.05519657733927232
7 0.5984375 0.8789740492520947 0.0453125 0.05677725867281787
8 0.5359375 0.8695450525939125 0.040625 0.0348477146721816
5 0.52265625 0.9009495939290488 0.0140625 0.025163632001908808
2 0.55078125 0.8998410799252307 0.021875 0.028379538669636162
1 0.34765625 0.1436109032861385 0.040625 0.0785977146721816
4 0.0734375 0.5405517273233641 0.065625 0.2585761160089087
4 0.65078125 0.7010212245783223 0.0703125 0.2117556600095451
4 0.71640625 0.14478885856941356 0.0578125 0.20848520934118148
3 0.29140625 0.6059841812937746 0.075 0.2883727040101814
3 0.31796875 0.561143848623502 0.11875 0.2591942813494537
3 0.41015625 0.4702273999443207 0.090625 0.24324201734563572
3 0.4296875 0.4481251332750027 0.0671875 0.28671929734245405
3 0.58125 0.17136154392109454 0.0625 0.1913522533418178
3 0.59765625 0.37663938991886736 0.121875 0.21079314401654478
3 0.6328125 0.5379490599140949 0.0921875 0.24794769867918126
3 0.7265625 0.4626394299013682 0.0765625 0.22589088534372675
3 0.7609375 0.4802081905633684 0.11875 0.2607567813494539
3 0.91796875 0.2432247165420512 0.0703125 0.22269316000954503