2 0.09537756253982402 0.9349931444174139 0.022238626670908902 0.03137726502711473
5 0.11800654053950585 0.9374687046240684 0.01907726400381802 0.028234084308955687
8 0.149283812539824 0.9353067618056607 0.03481135200509069 0.03769998789975162
7 0.19226165320659674 0.9347754966803503 0.03481135200509069 0.03769998789975162
7 0.2711679032065967 0.9352345598138709 0.0348477146721816 0.04082498789975162
3 0.5486689312540036 0.5876066226528041 0.08148854670590726 0.2895170179539807
0 0.484608073281366 0.3856577823919204 0.015952264003817974 0.02821590359079611
1 0.6251336232893202 0.32787761952954614 0.03993520401018138 0.07522725897699045
4 0.7047023972788207 0.4056895230221465 0.0523635733609078 0.20341589149054773
4 0.3866474525382332 0.9475456744225454 0.06686133068109026 0.10490865115490919
3 0.46167691390836785 0.6777316529034251 0.06573627737108918 0.2784886143631846
3 0.4311638052594125 0.547076550542293 0.04898403469127164 0.18152271077238852
3 0.39157459392904875 0.5249697463857628 0.0773272106938169 0.2004363372358217
3 0.38952010323841346 0.7015322463857627 0.055016953373634436 0.29717498184962743
3 0.16636660327818437 0.40724539431921813 0.05914083203372571 0.24876475292686617
3 0.4350802406110935 0.4119339360809124 0.09629538669636233 0.21929542154477702
3 0.49409216128263866 0.37633732454639807 0.06110222668681722 0.14878293364502548