4 0.11125864510478504 0.3489743966820448 0.09666696350286305 0.23392156134627218
4 0.42248092877325166 0.7065260040579064 0.0885817527304745 0.186955654678545
0 0.5187125968019872 0.2810543840706331 0.023682939695149584 0.042460220003181705
3 0.26124098526747297 0.21946071403563475 0.07788060206654457 0.22745338534372675
1 0.19509381050124203 0.17415675735995334 0.04578519867214013 0.0817772586728179
3 0.33296547346181216 0.3804623960454979 0.08261355386194272 0.2353204293443632
3 0.304508154474559 0.5715504727084527 0.09211581888905726 0.25730451734563575
3 0.46422858811958445 0.514029968730088 0.11577148750696811 0.2950772373488174
3 0.5570569584346975 0.4049464174092693 0.0999374092481368 0.2589579240133631
3 0.6213961935057787 0.4924196927514052 0.12664535499341073 0.2842670066836355
3 0.6344597957687149 0.3956901434197687 0.09981923458010193 0.238645424013363
3 0.6666960997288536 0.22652252009067766 0.10920332493918146 0.24031701201463562
3 0.7409557563447118 0.22035488343408627 0.11712490924813697 0.2591579186823629
3 0.8632296903825207 0.4217912087841764 0.09366013817089822 0.2541976986791813
4 0.7900159459416656 0.11388725477399506 0.0824226563212708 0.20250792934436315
6 0.4168798476857501 0.8635027100572701 0.10497839149054773 0.05121814934754489
6 0.6945144891762978 0.8167298967615866 0.042369307181592396 0.03174089600572714
7 0.5098349621471306 0.8669282494032242 0.031586343285945874 0.0581761266709087
7 0.6365201819947055 0.8473071874204052 0.05509656615858276 0.07094884667409077
8 0.5716809771742453 0.8457714120782691 0.058067030054229286 0.04442270934118149
5 0.5605525796335733 0.8784566427434509 0.02991475897699054 0.03940794533736351
2 0.588709395890352 0.873315156747269 0.02990566861791084 0.03784544533736352