6 0.42388605287998404 0.8852487162333376 0.09240566861791084 0.03803633118569749
6 0.6845235710303565 0.8352043061996337 0.039226126463433174 0.028352258976990542
7 0.5121854835981432 0.8888873215213359 0.048773843285945875 0.05809430113146803
7 0.630017878211949 0.8661361436318471 0.05347952400410509 0.061246572208706954
8 0.5674996974937898 0.8626475292686624 0.05178975897699054 0.03936248184962743
5 0.5598780950344617 0.8954145774732643 0.025190897540672098 0.032957945745273776
2 0.5864133239572229 0.8908816135776177 0.0314227168225127 0.029869307181592576
1 0.25984367437344746 0.21634820442767672 0.050463608313060515 0.07997839149054782
4 0.1495015928931624 0.31804653893302387 0.08396697560311148 0.19891928903121975
4 0.5190844025106417 0.731901523316734 0.08537493949875792 0.17236587939029951
3 0.2433304235878805 0.7349845749391815 0.11251013212077385 0.2709579154946528
3 0.24516965865896173 0.6482794604778009 0.1375374031980127 0.2757908612399268
0 0.35406689392643464 0.432514080792914 0.0220568071815924 0.03137726502711473
3 0.39293901726660985 0.5342992945903646 0.09663969242562417 0.22867951190385655
3 0.4010691589535494 0.4546617915653025 0.1000464935570923 0.2771351926220159
3 0.3979981802271799 0.3296481560266831 0.08566583098930573 0.22236587939029934
3 0.4019266352440319 0.19920667710392195 0.09024424668035032 0.20364315046753817
3 0.5828589935570923 0.2799441135776178 0.09801129488495235 0.19587610226293622
3 0.5589720416634985 0.3368344630118837 0.09671241529826116 0.2411795119038566
3 0.5666805234149299 0.45328161962774205 0.1296339996072165 0.26012040944452863
3 0.662083927005726 0.4694611315315987 0.11547150565734085 0.24285109621281203
4 0.7548880087805987 0.17313609825591555 0.09648515632127079 0.20211701190385667