7 0.6844331883204076 0.953949761020094 0.022120439695149586 0.04231476502711473
7 0.761036594936266 0.9614264386149951 0.017432939695149585 0.04228749394987581
5 0.8368496611930446 0.9673360710303566 0.02048521682251305 0.029805674668035208
2 0.8603007967316639 0.9698161764165508 0.02519998789975162 0.03452044574527378
8 0.8063672756544251 0.9648150590283041 0.04082498789975162 0.03461134933607006
4 0.5763934293434172 0.9124874062230749 0.07759880093507654 0.17502518755385027
4 0.35277203863843626 0.3442282856133742 0.06828743344863372 0.18945338544042353
3 0.8274089451560988 0.41886220959403814 0.07319310206654457 0.22698065651766247
3 0.5472810836215845 0.4758242401392468 0.07948855386194253 0.2348295179539809
0 0.271199851771957 0.4226572917616943 0.01894089754067201 0.03292158430895533
3 0.25028790895354935 0.45378457191411936 0.07958854781181843 0.2520170179539809
3 0.45633844193464485 0.5549799541330891 0.08134194535249044 0.2848386083130604
3 0.5884747519449076 0.708087294295777 0.0749828610435351 0.26605224687674217
3 0.6751611648072818 0.5687526044042356 0.0919612827847038 0.23021474082661797
3 0.8291229987234537 0.8452004331540461 0.11588966217500314 0.3095991336919077
1 0.3897811592481369 0.260071454231285 0.04418633723582168 0.07525453005422929