2 0.10679125449800006 0.9820224330044542 0.09395907825883124 0.035955133991091515
5 0.2584310225501768 0.9710413953691802 0.031486349336070064 0.040988626670908704
7 0.20192701337679467 0.8797527766947715 0.040970433645025485 0.0598477146721816
7 0.1503508778381752 0.8814965426877717 0.04407725292686626 0.056759077339272324
4 0.5831411728213233 0.7560549314130872 0.0731294695529872 0.2164613413430903
4 0.7394745486955812 0.3406582927673135 0.057349933448633726 0.18971702800763604
0 0.7486278766598249 0.11028044943504076 0.020521578258831143 0.0361738573360908
1 0.6720739461380573 0.2422111547580867 0.044140885440423716 0.0676965773392725
3 0.17559333499632648 0.43722892202418073 0.07937037919390759 0.2149715666772721
3 0.47887182933898575 0.6829617820655424 0.11733398750696829 0.295095418682363
3 0.5656138261175319 0.5456805054105419 0.06248286104353511 0.2663340720082724
3 0.5833285669441498 0.4552555000795418 0.059221505657340856 0.2428602093411815
3 0.6336098471947708 0.5417838934197687 0.07192149355709229 0.2773806600095451
3 0.6471865338648584 0.491157184754905 0.0529987767345796 0.2474749840069997
3 0.6726046903825207 0.41957308609163213 0.07171241529826097 0.24144316000954494
3 0.7624302596643615 0.4237435127704952 0.06074764422102241 0.23662839067472702