6 0.619979802879984 0.8792354437021703 0.10018180718159239 0.03183178298109581
6 0.33076276677563055 0.8543546601318998 0.040788626463433175 0.02836134933607006
7 0.5239633209321608 0.8930757507855669 0.04722043364502539 0.05964771077238851
7 0.3934218480595238 0.881334795768715 0.050354524004105096 0.061228391490547554
8 0.46055026072550637 0.8707876603282914 0.045521578258831144 0.03620112041330899
5 0.47403604380479775 0.9058666422761146 0.02519998789975162 0.03452044574527378
2 0.44277240826617825 0.9037046994577069 0.023610216822512697 0.029823855386194253
3 0.8688838937300429 0.5551201910698917 0.10010103571156996 0.28651019262201594
4 0.6514747216942866 0.7868615913410383 0.06141019867214013 0.08160452400410509
3 0.7040355985505032 0.5552979739527915 0.08741922852997774 0.25518746974937906
3 0.47688781215156195 0.7245939163784156 0.07449198165323559 0.18167724687674217
3 0.41161681527481997 0.6515336662802198 0.08146921037960517 0.30671360831306044
3 0.3665214421310366 0.42053819633444905 0.10011921642972936 0.2896351926220159
3 0.3116839512062229 0.3950751089022357 0.07973399355709229 0.2770170179539809
3 0.5071418969514967 0.4189388140172835 0.09215218032537571 0.26302724082661777
3 0.5226891080184729 0.2711871152469475 0.05867608411256366 0.14877384328594587
4 0.6268311864736958 0.1768280611886131 0.07321128278470379 0.2301056565176624
3 0.7382368399662962 0.2566513956939602 0.09979196350286301 0.23338519262201593
3 0.6204140565924172 0.4167172629840111 0.0812874031980126 0.2754636083130606
1 0.22262495462406848 0.1276154190106943 0.04892837939029935 0.08465680113146816