5 0.9800247422995557 0.8877627213996989 0.0220658975406721 0.03293976502711473
8 0.9464309922995557 0.8875672786794873 0.042451120413308986 0.04555793969514994
7 0.9003099712223168 0.8919866130866385 0.040879530054229465 0.04398634933607006
7 0.8143224742473791 0.9000803933372594 0.04246930113146803 0.048682939695149585
0 0.5020876573032294 0.4498111859827166 0.028370439695149584 0.04235112646343318
4 0.1583654492613153 0.3087442618056608 0.08254992134838535 0.22391019867214013
4 0.732239286497137 0.2370804235878805 0.0701862767345796 0.24727497579950325
4 0.5667207664018568 0.8892645714231401 0.0715760599120669 0.21759656615858275
3 0.8083229800029155 0.7226957367214013 0.10004649355709247 0.2771351926220159
3 0.6781451214934634 0.6719366917382532 0.14253397540671972 0.32894313231716554
3 0.6117615973911625 0.6676441014773694 0.09557716217500314 0.314607921544777
3 0.7066978892510526 0.4642832730221464 0.11409081283893308 0.27409200585373233
3 0.5059222261922867 0.19357482152133595 0.07171241529826115 0.2410340661585828
3 0.5327705516224475 0.2788901528052293 0.09673059601642038 0.2443045119038567
3 0.5631887837666625 0.42204070998682164 0.09836581888905727 0.2568136022629364
3 0.49585583802138855 0.446649824546398 0.09968287919390768 0.21463519262201594
3 0.2919990641154794 0.5712493278660478 0.10949421642972927 0.2896897347764936
3 0.12826784134103825 0.6476431353422277 0.11588966217500318 0.31472609621281206