8 0.7040434905315516 0.9973260145361353 0.04698408800127254 0.005347970927729406
7 0.6564690565325062 0.9901720446885605 0.036210220003181706 0.01965591062287899
7 0.5753281445337788 0.9805606953524905 0.03642839600572696 0.038878609295019115
3 0.03825178862986533 0.6564908945156098 0.07650357725973066 0.22860678903121964
3 0.26034332260504833 0.45545161104353504 0.11993288136536222 0.23661927693097126
1 0.32090120397041044 0.2198504543294809 0.046148841343090476 0.07213862041330898
4 0.3101631512969562 0.26979136699546336 0.06301017202418073 0.1784795240041051
3 0.3287847872772299 0.4152220416634984 0.10910446936663484 0.2459306444174139
3 0.3783575259389119 0.45223168315404616 0.08712038136536222 0.23642837939029934
3 0.4169109485996394 0.4962089421310366 0.08851924936345305 0.22237496974937904
3 0.42604849657864036 0.6509600746445938 0.11364651869827132 0.23345791549465283
3 0.44754114123173194 0.7510918848512483 0.11063060669954403 0.2428147347764938
4 0.22791898456400475 0.7576271894005621 0.09789424936345315 0.2224295119038567
3 0.6808103639401846 0.44461566763595217 0.07892607336090798 0.2035704275949012
3 0.7292205919398664 0.44724121876742035 0.1010374306969986 0.22401019262201594
4 0.9061285372772299 0.4185809293434171 0.10844994135899881 0.18968064441741408
4 0.8390206639083679 0.6799269746211528 0.11230219470081657 0.2521988251355731