0 0.6750151114337681 0.735966711852543 0.030196577339272324 0.0439227168225127
3 0.6034850094286774 0.6988803231906656 0.14262604137490714 0.307059041958086
3 0.4500492847310425 0.47163254284184875 0.14500560669954404 0.24301472267624522
3 0.08612423941754158 0.6198534368664793 0.15043854137490717 0.307104493753484
3 0.058996476050270405 0.3699943374322133 0.11257491470399827 0.2756363251355733
4 0.1556389501113585 0.8194625514260558 0.11088514536918019 0.26468973477649343
7 0.24014176678863075 0.8971012172152962 0.028652258672817864 0.04547612646343317
7 0.16184404411994904 0.8827119851692771 0.03333975867281787 0.0455033975406721
8 0.11570484078608541 0.8790739007621259 0.036355670671545236 0.03614657825883114
5 0.08281961545190364 0.8730147983027978 0.02538180800445433 0.032957945745273776
2 0.060127002784812755 0.8700216085094521 0.026944308004454333 0.032967036104353295