6 0.26114856055064173 0.8531103226996862 0.09573067067154524 0.036492011903856536
7 0.3474855025461873 0.8854183077707674 0.04911020934118149 0.05809430113146803
8 0.4116298185471418 0.8780143530485031 0.05043635200509069 0.037790891490547554
2 0.41904232920914203 0.9123439012531052 0.029978401336727245 0.025172716822512698
5 0.3917440325430057 0.9085967325369986 0.023764764003817974 0.028261355386194252
7 0.47228550787718754 0.9018785790443982 0.05541475334181776 0.06281816256778683
6 0.5357212992123237 0.8882291695016736 0.03940794533736351 0.02991475897699054
0 0.6162233419796372 0.1464047629840112 0.026980670671545325 0.03609203610435348
1 0.6124983579726375 0.19798544370217044 0.05094542934436319 0.08154089149054777
3 0.573380219287093 0.33726611232008125 0.1387021573838158 0.37265677088084714
3 0.561888188613957 0.3849859948336386 0.13881124538508854 0.38203177088084705
4 0.6999154472867749 0.3388735432346322 0.08735673870145284 0.2567408793902993
3 0.4857791272676849 0.48073483206946027 0.10034763470717997 0.2990011022629364
4 0.4674991052275958 0.7761336904807166 0.07311133068109008 0.10666815651766229
3 0.2780109859166402 0.6124035094679698 0.11132149737427088 0.3021897347764936
3 0.2219353506126843 0.39633814793345545 0.13755673337045282 0.2742192708808471
3 0.38711600262572915 0.29928991023009555 0.12036923337045283 0.27411927693097127
3 0.3921376679265034 0.5390882084346975 0.10359990404199806 0.30995678298109547
3 0.25387733597231943 0.20241543111094268 0.11241128270208929 0.2615738251355732
3 0.004821670631774333 0.6741732982046018 0.009643341263548665 0.3204034035907963