0 0.6133020351223948 0.6714547599589491 0.028388620413308984 0.04547612646343317
4 0.8140565349260032 0.799978693996758 0.10313513212077403 0.27090337334017517
4 0.7024806262670414 0.15373092877325165 0.06524424668035031 0.2034977047222643
3 0.6208675327847037 0.22608317262493158 0.1076771863754999 0.245930644417414
3 0.4842987737095175 0.2526598290443981 0.07167605386194272 0.23478406615858277
3 0.3759464391059745 0.42907740417997137 0.10315331283893307 0.27402837334017516
3 0.3870339300307882 0.454795021666414 0.12033172247985346 0.27256586729005094
3 0.42790891490547767 0.49752742233034397 0.10948512607064967 0.2881272347764936
3 0.2925935836215844 0.4709699883907309 0.09865671037960508 0.3068136022629364
3 0.5613441045024314 0.6037859918085765 0.13561128883482798 0.21328177088084707
3 0.6130475050681655 0.627704759958949 0.13896354781181836 0.2523624515990065
3 0.7538174299325923 0.5175070824622436 0.1092487767345796 0.2475022347764936
3 0.837016270193476 0.583431543431024 0.09528627068445558 0.264607921544777
1 0.2872732619038567 0.09364441910889015 0.05525110226293624 0.09719316256778662
6 0.6065849233914887 0.859781461754347 0.09087043969514959 0.04271474082661797
6 0.34388039031219736 0.8261523920797231 0.03765453610435347 0.026780668617910664
7 0.39873151677563057 0.8539592295119363 0.05032725292686617 0.05654089149054755
7 0.5167957155459665 0.8696791574014252 0.05350679508134402 0.06593407220870695
8 0.46040936015977224 0.8465689103282916 0.05490566861791084 0.03781816256778683
5 0.4723144625209044 0.8785319826351945 0.02676248789975162 0.034529536104353296
2 0.4449525318027451 0.8755660639190875 0.0314408975406721 0.032994307181592575