4 0.0648175206844554 0.26332615599140946 0.06361811416679297 0.19291475334181776
3 0.24084927643999202 0.43863359663431967 0.1185237827847038 0.23105110001590834
3 0.21713556224975789 0.6600182479710468 0.1077680899662962 0.26217383068109024
3 0.20556069535249044 0.2820023359723195 0.1027169756031114 0.1996192866804539
3 0.6987754059284873 0.45283771590550437 0.09669423458010193 0.2386090613462722
4 0.3881071132830302 0.7713177326145934 0.08072380093507645 0.17905224801081765
0 0.6594674662333375 0.41110474924414053 0.017351126463433175 0.028324994668999893
3 0.38012592075921015 0.6081182986155478 0.08900899960721649 0.260393154678545
3 0.2685510538619426 0.23126599196372893 0.09331470452587265 0.19482269867918128
3 0.5634004664297293 0.2825263105904126 0.09637607201231528 0.18392156134627208
3 0.40813677038986784 0.4538756939449571 0.06367265632127062 0.20228975334181776
4 0.7036436713483853 0.21526499057132256 0.0775533491396784 0.17120338534372684
1 0.8131999576491304 0.11085820655636872 0.03942611436318479 0.06295453333863614
6 0.32343205580685025 0.935362598623502 0.05336134933607006 0.041243165340545215
6 0.47573035401145214 0.9257774186028211 0.05962953005422929 0.04444089067472703
7 0.4007621702682308 0.9321188726130025 0.07526362041330899 0.04618520401018138
7 0.5530377425751337 0.9186274425923215 0.07370112041330898 0.04616702267663584
2 0.6272155859592754 0.9107325792489129 0.03303066861791084 0.037881808004454245
8 0.6998445648820365 0.9051996472390499 0.05337043969514958 0.04280566534054486