6 0.3902877577004442 0.8865129487189523 0.09708407825883122 0.03706474267981754
6 0.667372432466675 0.8452088854232687 0.040788626463433175 0.028597714672181595
7 0.4832928691367627 0.893844738064906 0.050345433645025396 0.059956802673454136
7 0.6089604896482674 0.8757770854153144 0.05505111436318479 0.06313634667409077
8 0.543299128211949 0.8687634694064057 0.053352258976990544 0.03968066534054522
5 0.5333474112912404 0.9038015407383604 0.02519998789975162 0.03466590133672724
2 0.5622309353935414 0.900231645408951 0.03299430718159222 0.0316318080044546
0 0.5195317708808471 0.14041120273708768 0.026780668617910664 0.03780908267027257
1 0.5147851835468297 0.13020040873645133 0.04722952400410509 0.06148294000636336
3 0.5853709152000652 0.31225947807922366 0.12516466822512734 0.29831132535009014
3 0.5471260266363838 0.31806403540736017 0.10841350546094901 0.37311133068109026
3 0.6574009721852658 0.47402422875554134 0.09366013817089805 0.2541976986791813
4 0.016389111043535014 0.26579772266868174 0.031014692425624185 0.22847044533736352
4 0.7585998578220812 0.4127060154359953 0.07801695745273882 0.25089088534372694
4 0.4762883693331544 0.7640845127307243 0.0788522287263694 0.12590906667727228
3 0.22829577604720855 0.7033902713637714 0.1267908007386847 0.3092670066836355
3 0.2781124062230748 0.2696243460375437 0.09349651170746495 0.22607269867918128
3 0.33146064090137256 0.4428896707113161 0.09376922247985356 0.2729476986791813
3 0.3731310321955286 0.6230498853834977 0.1064873910977644 0.3105931493475449
3 0.48052939997655886 0.4188447380649061 0.0998646863754999 0.24645792401336308
3 0.5251560987468948 0.43576915607095135 0.1062328610435351 0.2668431493475449