4 0.7234375 0.247177586253863 0.053125 0.20343407220870696
0 0.3265625 0.29721238504764014 0.021875 0.03606476502711464
4 0.153125 0.5719846051898025 0.08125 0.23172269867214013
3 0.35703125 0.47473339704969264 0.0609375 0.2378545240041051
3 0.315625 0.6651175025340829 0.053125 0.27218407220870694
3 0.38984375 0.7077367945903645 0.0625 0.2628636143631848
3 0.6515625 0.7084781797362006 0.071875 0.27541815651766244
3 0.74609375 0.39730939646051744 0.0453125 0.2315136204133089
3 0.8390625 0.6205065228257547 0.0625 0.2628636143631848
3 0.98046875 0.7002354503224602 0.0390625 0.29085225897699035
4 0.91484375 0.8857911552411162 0.059375 0.1550329336450254
3 0.31875 0.33310443325224204 0.10625 0.280305644417414
1 0.34375 0.23012487899751594 0.04375 0.06900453005422928
6 0.68046875 0.9023963513791735 0.103125 0.028724963699254858
6 0.39296875 0.8991612253085238 0.040625 0.029923849336070063
7 0.5875 0.9268554750139362 0.0484375 0.06121930113146803
7 0.4578125 0.921413475210328 0.0515625 0.06592498184962743
8 0.5234375 0.9077327702916719 0.053125 0.037809072208706954
5 0.5390625 0.9406361738824682 0.025 0.032957945745273776
2 0.509375 0.9412447070599554 0.03125 0.029869307181592576