4 0.6670451795398089 0.7851043122497579 0.08913626463433122 0.2817590601084586
4 0.7093805869412341 0.2736491826630668 0.07303856596219091 0.20041815651766237
0 0.5002737525340828 0.318524824546398 0.01736930718159222 0.03134999394987581
4 0.11136124345889646 0.34204257513557323 0.07152151775758915 0.20822156615858284
3 0.163746941836449 0.6181192618056608 0.09532263212077385 0.270857921544777
3 0.25711969193464485 0.5538209333504379 0.09992831888905726 0.25682269262201596
3 0.34995208654845056 0.5309243097156751 0.08116013817089804 0.2535886083130606
3 0.3988208577238853 0.47105440602668314 0.0811237767345796 0.24733860831306043
3 0.47506012909571177 0.2816606288011242 0.07026808996629619 0.2613374757995032
3 0.4923658037637468 0.30207312275099996 0.05079086123992678 0.13622839149054772
3 0.46492205981387097 0.28472654146710663 0.10338057181592361 0.31309087334017516
3 0.4656725353187866 0.5480032462875668 0.10626922247985356 0.27248405405833437
3 0.5849447100850175 0.5041674087571576 0.15306240924813697 0.2586942648307229
3 0.9126298694313502 0.6990360438047978 0.12670898750696793 0.2944772287263692
1 0.6565823189872532 0.19521965563389965 0.04417724687674198 0.07369203005422928
6 0.2354639023142499 0.8599345779642436 0.047102258976990365 0.03933521077238851
6 0.24119627272755886 0.9052788942210223 0.04709316861791084 0.03777271077238851
7 0.18237980893010822 0.8666567557555366 0.028343168617910842 0.03766362646343317
7 0.18734001970249675 0.9135590268327756 0.028352258976990452 0.039226126463433174
8 0.12774685108458592 0.87571359318775 0.03768180718159235 0.031468168617910665
2 0.1475189956001958 0.9172334726762452 0.02672612646343313 0.02827953610435365
5 0.11941672149789484 0.9209760962128122 0.018931807181592354 0.03135908430895569