0 0.6490350020431034 0.6473526407542687 0.02840680113146803 0.048764764003817976
4 0.8825610952308534 0.7727179094525399 0.08920898750696793 0.29476815467854484
4 0.6973886052879983 0.09639012476126838 0.05095448770335977 0.16464430267345423
3 0.6149260841125637 0.1555827640833598 0.09529536104353512 0.2667158800127267
3 0.46672493344863375 0.19448053739654253 0.057740818889057265 0.256904528007636
3 0.3640095204880637 0.39795897871577046 0.08922716822512733 0.29789315467854494
3 0.37822201141287737 0.4239038607176795 0.10795898750696811 0.29498633068109026
3 0.42848563182618626 0.4697981633911337 0.09555898145684391 0.31202838001272665
3 0.2760373426967707 0.4500567333704528 0.08007033684303817 0.3352840666772723
3 0.5845679810640604 0.5770759560789054 0.13099651170746504 0.2265090506842718
3 0.6440657009116354 0.5988605967536323 0.13125104176169416 0.270259050684272
3 0.7878151800307881 0.466167370106586 0.09842945140261464 0.26831474267981753
3 0.8866299299325924 0.5321565441199491 0.08136012607064984 0.28842724801081765
1 0.23539714451560986 0.04414254069858944 0.052044289031219736 0.08341248400699967
6 0.6596190198006926 0.8552742287555415 0.09866475897699054 0.04020792401336308
6 0.36734970656897603 0.8378118193825432 0.040770445745273866 0.02547271467218124
7 0.4299951523142499 0.863539072724361 0.05033634328594587 0.05839430267345449
7 0.5612906041096479 0.8728788047421784 0.05352497579950324 0.06936816534054521
8 0.49710992944161303 0.8518208700668151 0.05803066861791084 0.038172709341181485
5 0.5129303721618248 0.8855964334022695 0.02677157825883114 0.036246582670272434
2 0.4832428721618248 0.8852509880649062 0.0314408975406721 0.033176126670908704