4 0.284375 0.27362150270527097 0.1015625 0.2511817866804539
3 0.184375 0.5193328973583624 0.1296875 0.259321550684272
0 0.23203125 0.5550436780314986 0.028125 0.04407726400381797
3 0.75 0.6016957901018134 0.15625 0.32213063335454456
3 0.9046875 0.5066207421228126 0.096875 0.30112724267981755
6 0.39296875 0.8795726053866794 0.09375 0.041715880012726816
6 0.659375 0.8529850227561777 0.0390625 0.028579533338636054
7 0.603125 0.8804554947485418 0.0515625 0.061537484006999675
7 0.48203125 0.8915464413987697 0.0515625 0.061537484006999675
8 0.540625 0.8687907414067239 0.0515625 0.044349984006999674
5 0.5296875 0.9014759720719059 0.025 0.036228401336727244
2 0.55625 0.9017850547421784 0.0328125 0.03475680800445424