3 0.5631833395735126 0.5137944919239581 0.13093287919390767 0.21557155068427197
3 0.3203731499765589 0.409581348623502 0.08083288524403187 0.19780224801081764
3 0.9061157281371942 0.5035536892107328 0.09808401775758924 0.20893974267981755
3 0.5789759903356385 0.40813483792173083 0.08400333703942983 0.20565111067790856
3 0.42872146028140923 0.3661302459420936 0.09191583098930564 0.22292951734563574
3 0.3732355713249442 0.6324188646165023 0.10738629488495226 0.19654883068109025
4 0.02862250809322766 0.622365348663273 0.05137264422102228 0.23651930267345414
4 0.4014974475919856 0.7899131912794569 0.15151808996629618 0.26268290802036276
3 0.8102663760706497 0.27809115989023236 0.07154878883482815 0.213318160009545
3 0.38172932737506843 0.6151313672820024 0.116788565962191 0.20134541868236297
3 0.3002964784317818 0.3160586152928201 0.052226096212812045 0.11466248400699967
3 0.47808513514583595 0.25617344326863933 0.07773515632127079 0.20245338534372684
4 0.6421385447867565 0.25270190324636765 0.07619083703942983 0.20556020401018138
0 0.39897591470908594 0.6250876226130024 0.02677157825883123 0.03624658267027261
1 0.2686283219141194 0.24454724196372896 0.03945338544042354 0.06764203333863614
8 0.25745253180274513 0.8751887146324107 0.05180793969514967 0.04278748400699968
2 0.1981366191367627 0.8860358553071375 0.054942030054229284 0.04438634667409076
7 0.19608830580685027 0.9368443773074556 0.03307612041330894 0.0456943080044546
7 0.3248672907797356 0.9134694172899565 0.03462043969514968 0.04258748933799979
5 0.3206883300073471 0.8666398706238201 0.03618293969514967 0.042605670671545325