6 0.8049127914544488 0.8875650524080143 0.05199885200509087 0.03779998184962707
6 0.809309937460176 0.9297298265103153 0.04740225867281787 0.04558521077238851
7 0.8548673381205854 0.8833679109174666 0.0348477146721816 0.04082498789975162
7 0.8577201654598579 0.9271042753788471 0.03330339600572714 0.042378397540672096
8 0.9087190441199489 0.8783667935292196 0.050490896005727134 0.04247839149054755
2 0.8983451654598579 0.926867926042777 0.028543170671545326 0.03610112646343282
5 0.9303218714592216 0.9219940736816451 0.02541817067154497 0.03608294574527378
4 0.6546544213876339 0.3962184106228791 0.06953289202736243 0.20195338544042354
4 0.04395546809354115 0.6888534217411688 0.07027832670272563 0.26601588544042354
3 0.16430378341817792 0.6240864189124984 0.0859033267027256 0.26610678903121965
0 0.25126633939367904 0.44309951844496015 0.023892033338636053 0.039198855386194255
3 0.23638677406904227 0.5072529220357564 0.09148061736154416 0.2083306504675381
3 0.31725551340704206 0.5411597685431561 0.07616470003181668 0.23480224687674198
3 0.3240782254137236 0.5903421571068377 0.07198627737108917 0.27852497579950325
3 0.3924464174092692 0.5571296813073344 0.08563060669954395 0.24266928903121965
3 0.3753952774108601 0.5689484252572102 0.09531468936981655 0.2692863311856975
3 0.5009118033895429 0.41117631099222135 0.06301017202418073 0.1784795240041051
3 0.5481418867361331 0.5085643953993727 0.07938060669954403 0.2426329275949012
1 0.2843777367122706 0.33430578054520865 0.04462270401018138 0.07525453005422929