6 0.6350189956001958 0.9127428352909142 0.09702044574527395 0.02556360226293606
6 0.35066672149789485 0.9183035306434046 0.037636355386194253 0.023655668617910665
7 0.5429633058068501 0.9359354164766114 0.04406816256778647 0.054942030054229464
7 0.41407069134546964 0.93902912110068 0.04564884328594587 0.058076120413308986
8 0.47881444739559387 0.9214643711988758 0.042378397540672096 0.033057939695149585
5 0.49619284493626586 0.954176877249 0.0220568071815924 0.03137726502711473
2 0.4657286401158057 0.9551353892510527 0.022038626463433176 0.028252265027114733
3 0.8455282069617596 0.569319046456086 0.078180583916172 0.2785704275949012
4 0.6563531192349585 0.8196468202637994 0.0551420179539809 0.07844316256778683
3 0.6854674057320955 0.5866570582617469 0.0701862767345796 0.24727497579950325
3 0.47875483918072925 0.7769285760193361 0.06040221057599684 0.17690793364502538
3 0.4096184989198455 0.7109223018188391 0.05955784894328655 0.3003363432859459
3 0.3403634631100796 0.4902239824388025 0.07975217427525153 0.2801420179539809
3 0.2839998336215844 0.4710199853656688 0.059385132120773856 0.27064884328594585
3 0.4777771046988232 0.4745802808397962 0.07335672852997774 0.2551056565176625
3 0.4777038609453392 0.32770073566025637 0.04771131303532492 0.1440227107723885
4 0.5708538972460844 0.22403031411547936 0.055996511707465044 0.22531816256778664
3 0.6868743278660477 0.29132637754358764 0.08411242134838534 0.22391928903121974
3 0.5886327914671067 0.4598723653451433 0.06250104176169433 0.2691045240041051
1 0.17002265027114646 0.2177682412194013 0.042651108313060515 0.07993293969514967