4 0.253125 0.16622662603436206 0.1234375 0.2811238253500902
3 0.8828125 0.3305849534531763 0.178125 0.29269767202418073
3 0.8359375 0.8378520134468129 0.1765625 0.2958044906906352
3 0.75625 0.44083101543599523 0.1359375 0.3375192760184538
3 0.38359375 0.46071351738540667 0.1703125 0.33479426535645357
3 0.1796875 0.24974710335772615 0.115625 0.3216579186823629
3 0.2640625 0.6374476453691802 0.1703125 0.3457317653564534
0 0.18671875 0.40529766935868067 0.0265625 0.04093408267027243
6 0.27265625 0.8281726427036802 0.0984375 0.03552042401336308
6 0.5546875 0.8752043734086328 0.040625 0.03172271467218124
8 0.4265625 0.8604322540579066 0.04375 0.03800907733927232
5 0.40546875 0.889093056055043 0.0234375 0.029960220003181347
2 0.434375 0.8948981607256336 0.03125 0.0284886266709087
7 0.36171875 0.8651464787157706 0.05625 0.06471702800763594
7 0.48984375 0.886168598066497 0.05625 0.06471702800763594
1 0.1296875 0.02182155068427192 0.0625 0.04135225334181779