2 0.9359375 0.9289298749113091 0.021875 0.03293976502711473
5 0.91171875 0.9314145254770431 0.01875 0.02979658430895533
8 0.87734375 0.9284895133767946 0.03125 0.04080680718159222
7 0.83203125 0.9287531337901036 0.021875 0.04387726502711473
7 0.74765625 0.9300252631804028 0.0265625 0.0454670361043533
3 0.77734375 0.5704775463578902 0.09375 0.33179542154477704
3 0.72734375 0.38248718784843794 0.0609375 0.2753545240041051
3 0.703125 0.39747183841417205 0.075 0.3035613372358217
3 0.625 0.558082606368153 0.109375 0.2396988251355733
3 0.68046875 0.6538536486208265 0.078125 0.33014201795398074
3 0.246875 0.6407512232654204 0.096875 0.27868860226293624
3 0.14453125 0.8132216417851353 0.09375 0.36304542154477704
3 0.0953125 0.4705392380961433 0.1140625 0.2662885962128122
3 0.18515625 0.3747040424490653 0.0859375 0.27549996974937896
0 0.5640625 0.674062130372258 0.025 0.040770445745273776
1 0.73359375 0.20354457641211948 0.05 0.08466589149054773