6 0.8648241493873836 0.80234375 0.05179884933607006 0.040625
6 0.8736451583643742 0.84140625 0.048710210772388504 0.046875
7 0.9108679024124458 0.79375 0.03617384933607006 0.040625
7 0.9189122065689761 0.83359375 0.03462043969514959 0.0421875
8 0.9623622247193488 0.78203125 0.05181703005422946 0.04375
2 0.9563849354917373 0.82890625 0.03145907825883114 0.0359375
5 0.9867089496936918 0.82109375 0.026582100612616344 0.0375
4 0.6716265777678518 0.36015625 0.08705561416679294 0.1921875
4 0.13219748086766875 0.7 0.09677604781181848 0.2515625
3 0.23958727917046652 0.62734375 0.10773172852997766 0.2546875
0 0.3010464330558503 0.4484375 0.02678975897699045 0.0390625
3 0.2935884570599554 0.509375 0.1058510659621911 0.2
3 0.37263106244614963 0.5328125 0.09661242134838535 0.2234375
3 0.38382763767991873 0.57734375 0.0968396803253758 0.2625
3 0.4437611738824681 0.5390625 0.10446128278470379 0.2296875
3 0.42977139675510506 0.5515625 0.11712490924813697 0.2578125
3 0.5304021349494443 0.39140625 0.07755334913967822 0.1703125
3 0.5848038095192833 0.4765625 0.0997737827847038 0.2296875
1 0.3191828338179761 0.34296875 0.048864746876741985 0.0734375