2 0.1557951039132563 0.9964937257995032 0.025045451795398056 0.0070125484009935235
8 0.21279453765647763 0.9911658763652372 0.04229658430895542 0.017668247269525494
7 0.26043715211785823 0.9889857528286704 0.025136355386194253 0.022028494342659143
7 0.34478488104061933 0.9845346021647405 0.03144089754067192 0.03093079567051902
1 0.2002237555591449 0.3081857256031114 0.04100679508134393 0.06586134933607006
3 0.287633893730043 0.5618106953524904 0.09678513817089804 0.25367951190385674
3 0.3491577218906783 0.6629464693565955 0.12422031264254141 0.4038340480082102
0 0.7934521016737611 0.49053722169428654 0.025181807181592398 0.031395445745273774
3 0.7701418667008758 0.5122758663080923 0.08688289734428026 0.16299996974937905
3 0.7185884570599553 0.5135383844584649 0.05406130698520073 0.16124657220870695
3 0.6880060775714603 0.4938298724564124 0.10745901775758923 0.2084306444174139
3 0.7457691014773694 0.6199429205628184 0.1506919090517453 0.38836358411256366
3 0.5710231106507516 0.528304345525441 0.08542948165323558 0.18174087939029934
3 0.5633969630118838 0.5602901437300429 0.11401808996629618 0.2615920058537323
3 0.39477877321853816 0.5819646349494443 0.11115671037960517 0.3068863251355733
4 0.03511340260883754 0.6642443071815924 0.06437261397040125 0.3222386143631848