2 0.882100326706707 0.9177980025461874 0.022056807181592576 0.031504538669636165
5 0.8594258959885479 0.9211866318825962 0.01891362646343282 0.02834317600254508
8 0.8281849863476275 0.9199877585535052 0.03616475897699054 0.03948067067154533
7 0.7859974863476274 0.9204786545592322 0.033030668617910666 0.037881808004454245
7 0.7078679411680876 0.9221689712365044 0.03461134933607006 0.041024989337999786
4 0.6342037030719443 0.8277200845799131 0.07665444535249044 0.2852477040101814
4 0.14948080777076753 0.35604891064609184 0.04808401775758915 0.20835794000636332
0 0.563034768543156 0.3043649479233217 0.015806807181592396 0.03143181333545444
1 0.7079023618291019 0.24487067457036807 0.03946247579950324 0.06920453333863615
3 0.6977894801011115 0.7746399905713226 0.07477378278470379 0.23054202267663584
3 0.694111009958949 0.6012570345719589 0.06044766237139498 0.18506589067472684
3 0.6080104043763631 0.4960160985837311 0.08590218032537571 0.26348179201145394
3 0.5681535397185907 0.36445756325591266 0.05101812021691714 0.1755818026734543
3 0.5256029462362533 0.2930825499284124 0.046494246680350314 0.20365225867281786
3 0.2892462479568966 0.6364347499602292 0.06285556576579934 0.3303965720082724
3 0.17648821448482171 0.4135432373090466 0.041906740630226126 0.2207852146721816
3 0.3494984676080796 0.4849626092855022 0.04984650565734068 0.24275112133990878
3 0.4387745910464506 0.44720752327341184 0.0716396924256241 0.22894316000954512
3 0.44970247980652395 0.583008663271821 0.05308968032537571 0.2630999840069997