2 0.09634916919959706 0.9845290152235064 0.02222044533736347 0.02981476502711473
5 0.11976848786605161 0.9859551598373122 0.019059082670272565 0.02667158430895533
8 0.15262644119991522 0.9818580122966403 0.03789998933799978 0.03459316861791066
7 0.19795712253346065 0.9800318918833313 0.02231135200509069 0.037627265027114734
7 0.2799974632002334 0.9787733980316513 0.027017033338636053 0.0392170361043533
0 0.43647582455445966 0.8239672024827691 0.023892033338636053 0.039198855386194255
1 0.7242074699634108 0.26529968784843794 0.03679202267663584 0.07364657825883114
3 0.572862598623502 0.31461440749962105 0.04925675469445316 0.20496021077238852
3 0.6203723032702302 0.4612030611886131 0.05430788136536222 0.23623748184962742
3 0.5250945239099587 0.6601814375538504 0.08737492003499839 0.25830337939029935
3 0.4475144165738679 0.6809439103282914 0.07698286004136179 0.30511474687674217
3 0.4045456665738679 0.6811938952029809 0.05741470003181668 0.23469316256778666
3 0.3744849018937321 0.7805808168459538 0.1355760626989076 0.23827268052176756
3 0.26385867393382123 0.48593191305876593 0.052654474697634866 0.22841589149054792
3 0.25409386994750244 0.3852142955723233 0.06818856802990769 0.22069429508134403
3 0.40650070727245735 0.4460421903825207 0.057196524029271424 0.21594316256778665
3 0.18017456460854814 0.42704779244906527 0.057269249363453144 0.22219316256778665
4 0.35427130454332384 0.9064711511549092 0.06931471602481701 0.18320338544042372
4 0.3652500932925019 0.2986359252572102 0.044532892027362436 0.20180793969514968