4 0.6783491336919077 0.7671875 0.08613852966144578 0.303125
4 0.749522235267473 0.21640625 0.07312037919390768 0.2140625
0 0.521156340751863 0.2578125 0.017378397540672098 0.0328125
4 0.09998532269968632 0.27109375 0.07004992134838535 0.2234375
3 0.14277122375639972 0.57109375 0.09387830678880889 0.290625
3 0.24628710919682328 0.50390625 0.09847490319801269 0.275
3 0.3479723290443981 0.4828125 0.07815331283893308 0.2734375
3 0.4038137837666625 0.41875 0.0781078610435351 0.265625
3 0.4956114400879331 0.2171875 0.06727035499341091 0.2828125
3 0.5126716750608186 0.2390625 0.04929199375348396 0.146875
3 0.48466030454931364 0.21953125 0.10039192720211787 0.3359375
3 0.4712825640172834 0.5046875 0.10482489714788841 0.2921875
3 0.6027870940715128 0.4609375 0.1547249031980126 0.275
3 0.9405678534412868 0.68125 0.11277375253408266 0.315625
1 0.6969062953759315 0.12890625 0.0457670179539809 0.078125
6 0.20764120307194434 0.83515625 0.05023634933607006 0.040625
6 0.21205144712001597 0.8828125 0.04866475897699045 0.0390625
7 0.1498059771742453 0.8390625 0.029923849336070063 0.040625
7 0.1541934953246179 0.890625 0.028370439695149675 0.0421875
8 0.09038098019930738 0.84765625 0.04081589754067196 0.0328125
2 0.10964860978599847 0.89296875 0.02673521682251274 0.0296875
5 0.07838042906783924 0.89609375 0.020503397540671965 0.0328125