8 0.7670474984478759 0.959567317435129 0.04082498789975162 0.03461134933607006
7 0.722561700243274 0.9520138926688981 0.02991475897699054 0.0392352168225127
2 0.8201543177297166 0.962383245226422 0.02518180718159222 0.031395445745273774
5 0.7982747725501769 0.9632917602535367 0.02363748789975162 0.03451135538619425
7 0.6476207875772915 0.9422939799047197 0.029932939695149586 0.042360216822512696
3 0.12023717272312744 0.6836523164531704 0.08557492739850954 0.20674087939029953
3 0.3237399435057787 0.4832563649523599 0.09498628883482799 0.21304542154477701
1 0.3625080485973854 0.26506944633444907 0.03787270472226432 0.06428066861791085
4 0.35599442818407645 0.3104183077707675 0.04625789734428025 0.16276362041330888
3 0.38335129284184877 0.4422859313073344 0.08410333098930564 0.22235678903121983
3 0.4308348260193361 0.47169617535540603 0.0653169695529872 0.21599770472226432
3 0.46890245258096497 0.5081922115579555 0.0667976563212708 0.201944295081344
3 0.4883968202637995 0.6486990368899204 0.08872719847574828 0.21144656010845858
3 0.5144366246167215 0.7383882507855669 0.08565674063022613 0.22080337939029934
4 0.31509969994868636 0.7598597715682182 0.07617265632127071 0.20199883723582168
3 0.706784247662309 0.4411854769778535 0.05888516237139498 0.18471134328594588
3 0.751315497662309 0.4409264017440845 0.0792976563212708 0.20201701795398092
4 0.9101274162802199 0.4025037302975033 0.08849084913967857 0.17082156010845856
4 0.8673167058024187 0.6441508748131131 0.08570219242562445 0.22861587939029934