2 0.07443781763152077 0.9028073583130605 0.023628397540671964 0.032948855386194256
5 0.09785259173382173 0.9068499636992549 0.020485216822512742 0.029805674668035208
8 0.12910713691336154 0.9062505208808471 0.039307939695149674 0.04241475897699019
7 0.17284350137474208 0.9088488009350766 0.03617384933607006 0.04083407825883114
7 0.2517179351179634 0.914776614068597 0.03775453005422928 0.04396816861791066
0 0.5315388079671592 0.4906089028052293 0.02522725897699054 0.039207945745273955
4 0.847977395104785 0.352601405339312 0.06994992739850972 0.20664997579950323
4 0.3139023769544124 0.29793000253408275 0.05600560206654457 0.22688066256778666
4 0.48150088388829937 0.8993763400153941 0.06054765632127079 0.2012473199692117
3 0.25345821800086316 0.7499374092481369 0.08585672852997775 0.25517837939029936
3 0.3740616094914109 0.7006373668972674 0.12206693930236626 0.3022624576491307
3 0.4358167209277294 0.6947464360809124 0.07980671642972936 0.2895170179539809
3 0.3423672236582039 0.5082589693565955 0.09677604781181844 0.2521170119038567
3 0.5227642925472612 0.25304981547121175 0.05911242134838535 0.22377384328594588
3 0.49963988905466084 0.33338675526455724 0.08255901170746505 0.22547269867214012
3 0.47464845853289334 0.46605835469882323 0.08262264422102224 0.23641019867214014
3 0.5378069886853185 0.4875202642415477 0.08552038524403187 0.19736587939029934
3 0.7285723683702054 0.5987900832288009 0.09217036104353511 0.2661522408266178
3 0.8828735281093216 0.6660962787776831 0.09699421642972936 0.2896170119038567