6 0.675189477646215 0.8343814859548442 0.09078862646343318 0.02865224082661797
7 0.5909599233914887 0.8598723653451433 0.04405907220870695 0.05337953005422946
8 0.5299587908779315 0.8492893893492484 0.04706589754067192 0.033085210772388504
2 0.5199888932390636 0.8813797266832658 0.02668976502711473 0.0220295361043533
5 0.5465423028799841 0.8796626905789126 0.020457945745273952 0.02511817466803521
7 0.4706928751868869 0.868384822994274 0.048773843285945875 0.05809430113146803
6 0.4112224264165508 0.8523240066392994 0.03608294574527378 0.02520907825883114
0 0.38756869857394427 0.14384388612779458 0.02362839754067192 0.032948855386194256
1 0.3878504997054124 0.19228138612779463 0.04418633723582168 0.07525453005422929
3 0.4151993157657993 0.3272831000234411 0.10673283079291399 0.3521715540583344
3 0.4232845265381878 0.374112648228043 0.10521578258831213 0.35997496369925486
4 0.29485045432948087 0.32173305767257165 0.06547150565734068 0.2425602047222643
3 0.4878969932625047 0.4682711935057787 0.07351126463433104 0.28166815651766247
4 0.48485030307637567 0.7503297145830176 0.06462610226293641 0.09724770472226432
3 0.676196944861511 0.6046803504162246 0.08602944535249044 0.28486587939029934
3 0.7445555385402404 0.4027133294371816 0.11241922852997774 0.2553329154946528
3 0.5947413700205255 0.3012377087292851 0.09524990924813696 0.258357921544777
3 0.5726310624461497 0.5294990641154793 0.07669989714788858 0.2926238372358217
3 0.7286300358097659 0.21686218784843794 0.0889271863754999 0.24582156010845857
3 0.9679516110435351 0.6803151129092564 0.06409677791292978 0.3097658854404237