7 0.6263161612912403 0.9048833300843142 0.051944295081343836 0.06622498400699968
7 0.5037099082661782 0.9120498454009969 0.05033634328594587 0.058394302673454135
6 0.44035139021400155 0.8980322513924064 0.0392352168225127 0.030142033338636055
6 0.7136525348278072 0.8777764847628593 0.09708407825883114 0.03706474267981754
8 0.5629621884186035 0.8916469860757239 0.053352258976990544 0.03968066534054486
5 0.5818985407797357 0.923896412078269 0.026753397540672096 0.03312158267027243
2 0.5545729714978949 0.926703238741224 0.0298693071815924 0.03159544533736351
3 0.6802521440246305 0.37351569875872304 0.10586924668035032 0.20434314934754472
3 0.49416062880112416 0.47915552940004236 0.07748062626704133 0.15870338534372674
3 0.41995551433974365 0.48063566605663377 0.05910333098930565 0.22254770934118148
3 0.3546486769075302 0.534559550047725 0.0856385599120669 0.2181692920114539
0 0.3724997731203423 0.6488220447167249 0.02676248789975162 0.03468408267027243
3 0.26559124296791714 0.6686703733688619 0.08708288524403188 0.19787497334499946
4 0.28746065602668314 0.39941184337204366 0.040153343089554205 0.18795453333863604
3 0.47424355942108753 0.5468879220639515 0.06332722267624522 0.14291475334181775
3 0.49119977614540444 0.6416100760661788 0.10903969847574846 0.2121920120146356
3 0.41946567671113855 0.6649924847230884 0.11711581888905727 0.25759541868236296
3 0.5868890051663614 0.5731969780792235 0.05761355386194271 0.23502952800763593
1 0.3363067013044188 0.3359220553787252 0.03948065651766246 0.07232953333863605