0 0.6959736345566607 0.6467542209277294 0.033094301131468204 0.048628397540672094
4 0.9395655236604196 0.7148628297317691 0.12086895267916091 0.2897715480082102
4 0.626376668519715 0.10063930767257168 0.08087833703942984 0.20127861534514335
3 0.566765840064492 0.19280304001317838 0.12652718032537572 0.2632272287263694
3 0.4351300206844554 0.2615399253554061 0.08894536709365912 0.24894656010845856
3 0.37933505951928337 0.47437172346181217 0.12356580678880888 0.29133404800821017
3 0.39977936972593786 0.4969097987937771 0.1423158067888089 0.2914431323171655
3 0.4546486769075303 0.5278416362259905 0.13146921037960518 0.30700449980360833
3 0.3086367401392468 0.5427540847999348 0.12064988504764011 0.32725336729005094
3 0.6222316075274936 0.5948377178044714 0.15446128278470378 0.23057835518980258
3 0.6824378545024314 0.6030814889799061 0.15938513212077385 0.2712306262670413
3 0.7909083637740095 0.44697641384433284 0.1280987706844554 0.2647988190854491
3 0.8966180082896195 0.4877690646064587 0.11570785499341056 0.28347609621281206
1 0.18688289734428026 0.1614182472695255 0.06310905405833438 0.1050511143631847
6 0.7478866342620731 0.8409900342576417 0.09716589149054773 0.05056360226293606
6 0.47158775467538216 0.887911527814734 0.040797716822512695 0.029923849336070063
7 0.5357138871889394 0.8984763230924699 0.05504202400410509 0.06125566256778683
7 0.6598235528799841 0.8790036395456401 0.05979315651766246 0.0722204336450254
8 0.5957201462641258 0.8723450942679044 0.05962043969514959 0.042532933645025396
5 0.6177633179070987 0.9011240792407899 0.02990566861791084 0.0376727168225127
2 0.5896701341638773 0.906756455704223 0.03458407825883114 0.036137487899751616