4 0.5274991851179635 0.91328125 0.08225902985783762 0.1734375
1 0.5207336390546609 0.33046875 0.05831246974937905 0.0859375
3 0.2811973986208265 0.68046875 0.12189422247985346 0.271875
3 0.46538656714054144 0.578125 0.0751373971478884 0.2921875
3 0.4601809166730032 0.6671875 0.10969420432948099 0.3234375
3 0.637034308163551 0.6171875 0.09705784894328655 0.3
3 0.707706398228043 0.42109375 0.06068401170746487 0.225
3 0.6832876603282914 0.45546875 0.09522263817089822 0.253125
3 0.9179843263139237 0.66875 0.10186352361132159 0.3203125
0 0.5097734131569618 0.334375 0.02522725897699054 0.0390625
6 0.7541253176315207 0.90234375 0.050190897540672096 0.0328125
6 0.7484156731159108 0.94375 0.04240566861791084 0.0375
7 0.8001781610156625 0.909375 0.029887487899751618 0.034375
7 0.7952497665000526 0.95078125 0.031477258976990365 0.0390625
8 0.8517224802975033 0.9125 0.04395907825883114 0.0359375
2 0.8334946550637341 0.95703125 0.026735216822513053 0.0296875
5 0.8639543147046546 0.95859375 0.02518180718159222 0.03125