7 0.55078125 0.8688293515755653 0.046875 0.06121021077238851
7 0.4328125 0.8642367794650541 0.0453125 0.05182612041330899
6 0.37265625 0.8435743006404888 0.0359375 0.02677157825883114
6 0.63671875 0.8505793213249442 0.0921875 0.03022383118569749
8 0.4921875 0.8505197131100797 0.0484375 0.03465680113146803
5 0.50703125 0.882637321521336 0.0234375 0.029823855386194253
2 0.48046875 0.8824827854169826 0.0265625 0.0298420361043533
3 0.6578125 0.36788954117251904 0.0890625 0.19114315046753827
3 0.46953125 0.4503879029034251 0.0640625 0.1488102047222643
3 0.3984375 0.4452867915653025 0.040625 0.21117384933607006
3 0.3296875 0.49019931576579934 0.0671875 0.20507838544042353
0 0.33515625 0.600387382022578 0.0234375 0.031386355386194255
3 0.23203125 0.6099436683233233 0.0703125 0.18478406615858275
4 0.28125 0.3563237646343312 0.025 0.17827044574527387
4 0.9796875 0.37835590514292033 0.040625 0.16742384933607007
3 0.44375 0.5135191619786115 0.05 0.13466589149054792
3 0.45 0.6057430234149299 0.090625 0.19740224082661778
3 0.37890625 0.6201731620768073 0.09375 0.239607921544777
3 0.54765625 0.548498670857406 0.0375 0.22365566861791084
1 0.33515625 0.298824882022578 0.0328125 0.06737839754067192