6 0.315625 0.8401175025340827 0.1 0.03183178298109581
7 0.4078125 0.8695600837197801 0.0484375 0.059656801131468026
8 0.47421875 0.859008923980664 0.0515625 0.03779998184962743
2 0.484375 0.8942242613146814 0.03125 0.025181807181592575
5 0.45546875 0.8924935896717086 0.0234375 0.028261355386194252
7 0.5390625 0.8812611738824682 0.0546875 0.06438066256778682
6 0.6046875 0.864455468963812 0.040625 0.029923849336070063
1 0.36171875 0.0935106681269315 0.05 0.08622839149054777
4 0.63203125 0.7216458002477053 0.0953125 0.2318045119038567
4 0.88046875 0.18559116734136458 0.06875 0.23477497579950318
3 0.71484375 0.4580650892789251 0.084375 0.28486587939029934
3 0.57734375 0.4221088876799188 0.0859375 0.27081246974937906
3 0.546875 0.33990037567786624 0.090625 0.2411522408266178
3 0.57890625 0.32289922803899834 0.0796875 0.24421360831306052
3 0.52734375 0.39681799618937097 0.1203125 0.24132495764913067
3 0.44453125 0.32367995715815123 0.103125 0.21622496369925487
3 0.45078125 0.20184131859446972 0.09375 0.2442954215447771
3 0.42421875 0.5337180324901162 0.0921875 0.2958488311856975
3 0.17109375 0.6306828943192182 0.0796875 0.2629636083130606