2 0.984375 0.8770792401336301 0.0265625 0.03468408267027243
5 0.96171875 0.8822843607972214 0.0234375 0.03152272000318135
8 0.9296875 0.8842553934595397 0.0421875 0.04580339600572714
7 0.88515625 0.8899872254534944 0.040625 0.0442227146721816
7 0.80390625 0.9015417961091312 0.0421875 0.04892839600572714
1 0.3125 0.274730016709089 0.0453125 0.06615225867281786
4 0.2390625 0.42387549403245306 0.071875 0.20239884134309047
4 0.6640625 0.24757081675681403 0.065625 0.16326361600890865
4 0.77421875 0.7988526007717679 0.075 0.14618520401018137
0 0.7265625 0.4279855700986318 0.0203125 0.033048857336090795
3 0.70546875 0.42774012209576834 0.1140625 0.18882723734881743
3 0.66328125 0.3967804760900413 0.1046875 0.2480931493475449
3 0.68046875 0.3422929707590412 0.0609375 0.1850840720082724
3 0.75234375 0.30875431210213167 0.0640625 0.1835579346753633
3 0.85546875 0.644329280116131 0.1078125 0.25750451201463564
3 0.6828125 0.5493514927593595 0.08125 0.23219542934436319
3 0.43828125 0.46369361405949727 0.10625 0.22311133068109026
3 0.3578125 0.5666635253819068 0.0859375 0.22756247334499946
3 0.29609375 0.5401641127068618 0.075 0.23837270401018137
3 0.1640625 0.7659715400222717 0.1078125 0.26062951201463563