3 0.5700514839909268 0.6265625 0.11369083703942984 0.2046875
3 0.3531765596174793 0.41171875 0.08270445745273883 0.25
0 0.3318878877781146 0.5125 0.025236349336070062 0.040625
3 0.31817030054229295 0.4375 0.07173059601642037 0.24375
3 0.4037174359827166 0.5046875 0.0983021863754999 0.2453125
4 0.9009242340891227 0.56171875 0.05937604176169416 0.26875
7 0.7412008179070987 0.9046875 0.028379530054229284 0.04375
7 0.8216286612912406 0.89765625 0.02837953005422946 0.04375
8 0.8676951402140016 0.89296875 0.040852258976990186 0.0390625
5 0.8989360498549219 0.89140625 0.023628397540672096 0.0328125
2 0.923132073957223 0.8875 0.026753397540672096 0.0328125