8 0.042521879455721646 0.9017488523611321 0.04732953333863612 0.03933521077238851
7 0.0925855141231307 0.9075084938516799 0.03488407733927246 0.043949987899751616
5 0.016676994788312586 0.8961301114363185 0.01295453333863612 0.03913522287263689
7 0.17396278345794883 0.91891869252382 0.033357940006363315 0.0470658975406721
0 0.8489771333943154 0.4541275439029936 0.02231135200509087 0.037627265027114734
3 0.8656651940642698 0.4784417426733295 0.10327264003818008 0.28183178298109546
4 0.7323607033736346 0.30111565251064165 0.08088856269890758 0.2379545179539809
3 0.44408909138286135 0.3674026860809124 0.09851241470399827 0.2755545119038567
3 0.0515021493873157 0.39792896077238854 0.09700445870463463 0.2802329215447771
3 0.36982707741881427 0.6317964633064713 0.11738968403881636 0.2866010962128122
3 0.029872050047725078 0.3517124909248137 0.05490786537236184 0.2877999818496274
3 0.05432551535645348 0.1706170270291672 0.05278174403245306 0.23935339149054777
4 0.2658588347787676 0.8272720688890572 0.10957718403881636 0.2865556444174139