3 0.9773363013605897 0.5597826521323576 0.045327397278820666 0.29433180267345416
3 0.969324901376498 0.7909235641310849 0.06135019724700399 0.28829997867599955
3 0.8316367340865416 0.6470906534452222 0.10045672270845252 0.30893974267981755
3 0.5931265753898611 0.42325152207986 0.10754196936663477 0.2465306493475449
3 0.5956345047342242 0.5045197034134054 0.12972605203690737 0.27334768801718107
4 0.37899989337999784 0.3481135200509068 0.07591016136218051 0.21335452267663593
3 0.24877823341022376 0.569224356699544 0.14511469470081656 0.2532170013526354
0 0.4473879087364514 0.5191987267265882 0.030142033338636055 0.03940794533736351
1 0.38148854670590726 0.2934623827179976 0.060356792011454094 0.08506589067472685
7 0.18420994012567604 0.9277993780235445 0.041279528007636034 0.05672271467218124
7 0.10077073146081231 0.9401079266788631 0.04916475334181776 0.06306362133990859