7 0.29994635685913223 0.9527732007081344 0.023682939695149674 0.04246022000318135
7 0.2233702213205128 0.9542260653644077 0.023673849336070064 0.0408977200031817
5 0.14757533578189336 0.9556880206874535 0.018913626463433086 0.02834317600254508
2 0.12413329060235356 0.956196550684272 0.02362839754067201 0.0330852200031817
8 0.178053176140973 0.9544800566915898 0.03925339754067196 0.03326703333863605
1 0.6112495547457055 0.3563549234165871 0.034765885440423715 0.06758748933799978
4 0.646155819871016 0.3997327534213596 0.03685562626704133 0.15823067067154523
4 0.5611702031701402 0.9038993487030439 0.06208288524403187 0.19220130259391227
4 0.04742288320092837 0.4435505526734542 0.044759029857837564 0.1739465773392725
3 0.02367280757437581 0.5604471513367271 0.04734561514875162 0.20839430267345413
3 0.3978001331027325 0.3827794213876339 0.060329487703359864 0.16475339067472686
3 0.4908870577707676 0.36354871073358785 0.05566016842151918 0.1678238466740906
3 0.49560130796715923 0.49329984540099686 0.06664312021691714 0.17576361600890866
3 0.5119166543763631 0.5091157494032241 0.05591469847574828 0.21157384667409057
3 0.41160303698811623 0.5618583940563155 0.06218287919390768 0.2147715720082722
3 0.5630382719610016 0.5854969834102237 0.05746810811666876 0.21002952800763594
3 0.6447786304704539 0.6364515034213596 0.06997719847574846 0.21173747867599957
3 0.6540763624182772 0.6498418414226321 0.07167605386194253 0.2351931600095451