4 0.17631978870940712 0.31584823467829776 0.07887152936027149 0.1988829275949012
4 0.8452414166931806 0.20021674872345377 0.10261811203054413 0.22558178298109555
3 0.9367840266947715 0.5609047847296115 0.12643194661045704 0.28357609016268803
3 0.8017663260661788 0.49213153795106523 0.1205328653723619 0.28818177693097125
3 0.42967315006363344 0.4712180324901162 0.08842834269572589 0.21456246974937904
4 0.3242162274426768 0.8073004573545429 0.08661130402608971 0.19267837939029916
0 0.4262754300604518 0.447762351771957 0.023892033338636053 0.039198855386194255
6 0.4031412061186764 0.876504975308524 0.09569430800445425 0.03336701190385653
6 0.6768508787794039 0.8343503333269968 0.04097044533736351 0.029923849336070063
8 0.5544946207829037 0.8594179901392469 0.044168170671545326 0.03619203005422946
5 0.5439480194541308 0.8929481076256895 0.022202264003817973 0.028252265027114733
2 0.5728088161202672 0.8892100292686624 0.031577264003817974 0.028306807181592574
7 0.4962008627864035 0.8848583516737613 0.05541475334181776 0.06281816256778683
7 0.6209463241167674 0.8637105804001305 0.05541475334181776 0.06281816256778683
1 0.24629538669636225 0.22016809601642037 0.05419769867918127 0.09249657220870695
3 0.28149073607572384 0.5594124031980128 0.11557264536918019 0.26471700585373237
3 0.354164072724361 0.42703169525429463 0.13125218936981656 0.26949540944452866
3 0.39380892274026935 0.5444419090517452 0.1077601453691801 0.26467155405833437
3 0.4021112240610881 0.4523089512062229 0.06944198535963508 0.19414088544042354
3 0.4546362400540884 0.4010555234149299 0.10877720536281679 0.2178056444174139
3 0.49349984006999675 0.5184611920328408 0.1452965080362711 0.2680147226762452