3 0.2165122090238727 0.7862137141902341 0.13216007766965596 0.42575449980360813
3 0.26536279948114816 0.8492086178792262 0.06111125858420703 0.2987829336450254
3 0.34191673000291567 0.7159552354638647 0.23609411962774196 0.565416963502863
3 0.3942377541052166 0.7195569584346975 0.32511116783234384 0.5581226139704011
3 0.7376968626146688 0.7675570794371815 0.19009075233769118 0.4464033430895542
3 0.8005508657379268 0.8406264198944571 0.07200330678880888 0.29103406615858274
7 0.5331861037358743 0.8726496212970716 0.03944429508134402 0.06585225897699018
7 0.4730343989154141 0.872218350121637 0.034738614363184796 0.06269998789975162
2 0.5218400584581386 0.8086552989901687 0.09706589754067192 0.03337610226293606
8 0.44446903738089977 0.8137927717646101 0.03612839754067192 0.03302157825883114
1 0.08773582845522294 0.0932363947120016 0.12439198770335987 0.1647806383672898
1 0.6261053776417835 0.7463320401113742 0.020557939695149584 0.04230567466803503
0 0.3005417753788472 0.8450978347999347 0.08054199375348406 0.14733860831306062