7 0.7140679441931497 0.934876389643836 0.03621021077238851 0.04708407825883114
7 0.7984111279363711 0.9398542602535367 0.034647710772388506 0.04707498789975162
5 0.8788480616795924 0.9448548567609365 0.022056807181592218 0.03137726502711473
2 0.9046202213205128 0.9462673658361226 0.026780668617910664 0.0376545361043533
8 0.8468304472182119 0.9426974591220685 0.039280668617910665 0.03772725897699018
4 0.2800247422995558 0.8803722594679698 0.08717378883482799 0.21299996974937904
0 0.9164768893492485 0.5196503236816449 0.025218168617910663 0.03764544574527377
3 0.9381013835937118 0.6968622634749905 0.0986112585842072 0.29900110226293625
4 0.9595643348981305 0.36471738398649534 0.05899424668034996 0.20346134328594587
3 0.8202700307416004 0.4053701759445813 0.08904536104353511 0.2661340601084586
3 0.7380433380213886 0.4394411697962612 0.08891809601642038 0.24425906010845858
3 0.576388741415793 0.29507406714054146 0.10430674668035031 0.20372496369925477
3 0.46992057279788224 0.3331922115579554 0.07329309601642038 0.24416815651766247
3 0.32787293160192205 0.578541593875121 0.09878397540671972 0.3286886022629362
3 0.37666950078556694 0.5165410427436529 0.08752831283893307 0.27393746974937905
3 0.504530880372258 0.5611081332991242 0.08140557786604781 0.2957761083130606
3 0.6448235613850049 0.7516917058024188 0.14869307181592362 0.3133544937534841
3 0.17308543765204623 0.5966290394240031 0.07195785499341083 0.28322156615858274
1 0.2970694009585175 0.233419991415793 0.05049087939029935 0.08466589149054773
4 0.20583534690018315 0.33863473224241086 0.06856014422102223 0.23632838544042353