4 0.37957529040596183 0.8272362283335859 0.05790444535249044 0.28470225292686635
4 0.2732046540817755 0.31019365319801273 0.05116356596219109 0.20029089149054782
0 0.4918319342342007 0.3325600534691592 0.014244307181592397 0.03133181323171659
4 0.891963744440855 0.3122309353935414 0.04809310811666876 0.2096477107723885
3 0.8723223683702054 0.5996263962641257 0.06564422247985355 0.27224770472226434
3 0.7695155309379921 0.544338932564871 0.07336581888905727 0.25666815651766245
3 0.671932003810629 0.5312707851223949 0.051490818889057266 0.2565408914905477
3 0.6144376663784156 0.476246941836449 0.05145445745273882 0.25029089149054773
3 0.5123853287498106 0.29127197813719424 0.04060786104353511 0.2658522589769904
3 0.49819101854315606 0.31384641490547766 0.0351749515990063 0.13769998789975163
3 0.5233137383907309 0.29289811065075155 0.06746125253408267 0.31600679508134394
3 0.5561206514494967 0.5626293485505032 0.07658172247985355 0.2723113372358217
3 0.4289541634515494 0.5314197342855144 0.12646354781181834 0.25228972872636957
3 0.11820197405098731 0.76633859318775 0.09545898750696816 0.294295421544777
1 0.31667791901069425 0.22372488807270222 0.03791815651766246 0.07209316861791085
6 0.8294298446606879 0.8548542517485158 0.04551248789975162 0.034638620413308986
6 0.8291616790678393 0.900948001748516 0.043949987899751616 0.03462953005422946
7 0.8849031398402278 0.8543957094958422 0.025218168617910663 0.03764544574527377
7 0.8854025887087594 0.9028377546753822 0.023655668617910665 0.037636355386194253
8 0.9419162091220684 0.8578525076022483 0.03610112646343282 0.028334078258831143
2 0.9268133838882996 0.9022973991909919 0.023592036104353297 0.026698855386194254
5 0.9564963387087596 0.9032513660135046 0.015797716822512697 0.02977840359079629