4 0.80234375 0.1984571006126163 0.0703125 0.18790906615858277
3 0.93671875 0.3992378297317692 0.071875 0.21448065651766246
3 0.56484375 0.4178075851927182 0.0875 0.21925906010845858
3 0.39453125 0.2320796843323965 0.05625 0.15970225292686618
3 0.2546875 0.5602370214700223 0.0953125 0.21617951190385654
4 0.38828125 0.750866045768715 0.06875 0.19414997579950324
3 0.10703125 0.6954710604030462 0.096875 0.2240011022629364
0 0.2828125 0.2811671450065892 0.01875 0.028234084308955333
3 0.3359375 0.4253893227978821 0.0953125 0.19742951190385655
3 0.34921875 0.45499955474570547 0.0796875 0.1957761083130606
3 0.34296875 0.38941091618202395 0.0796875 0.21296360831306044
3 0.32109375 0.31297568120913855 0.04375 0.09556703005422928
3 0.2984375 0.343576241415793 0.06875 0.20977497579950316
4 0.22890625 0.305699512394836 0.0625 0.1769261143631847
1 0.3015625 0.21230806069763375 0.0375 0.04865566861791084
6 0.70859375 0.8990025221573934 0.053125 0.04249657220870695
6 0.56171875 0.9240757659108774 0.059375 0.04565793364502539
7 0.63359375 0.9119388593932151 0.075 0.048873837235821685
7 0.48671875 0.935449603146699 0.071875 0.047293156517662284
2 0.421875 0.9452018530485032 0.034375 0.03769998789975162
8 0.35234375 0.9565438740275463 0.053125 0.04405907220870695
5 0.28671875 0.96551941910889 0.0359375 0.04239657825883114