4 0.790625 0.9278555640515431 0.0625 0.14428887189691367
3 0.0265625 0.6854653326702725 0.053125 0.264680665340545
3 0.15625 0.6221306333545444 0.0546875 0.22563634667409058
3 0.3375 0.35470841804581604 0.04375 0.1630090773392725
4 0.54921875 0.3712344887412239 0.034375 0.15039998933799978
3 0.35390625 0.43536807204804323 0.0359375 0.19885567067154514
1 0.221875 0.32523799936345316 0.034375 0.06133748933799978
3 0.31015625 0.6887652447087709 0.053125 0.2193681653405452
3 0.384375 0.8310351080521794 0.0859375 0.27912497334499947
3 0.75859375 0.4978895374363135 0.0484375 0.16775112133990877
3 0.6296875 0.5237333274188142 0.046875 0.18804544000636342
3 0.696875 0.6479526247612684 0.0578125 0.20692270934118148
0 0.83046875 0.7307571287794039 0.01875 0.028343176002545434
3 0.85859375 0.7013968927832219 0.0671875 0.2101567973424542