8 0.8436581973955939 0.929095727646215 0.040815897540672094 0.033048849336070066
7 0.7959974022160541 0.9280372216942865 0.028352258976990542 0.039226126463433174
2 0.8983229714978949 0.9255076402140014 0.023610216822512697 0.029823855386194253
5 0.8756894473955938 0.9292820800073471 0.022074987899751618 0.03450226502711473
7 0.7194485377546735 0.9299355440993853 0.022120439695149586 0.04231476502711473
4 0.38398776072550633 0.8744283491396784 0.07803513817089805 0.2511433017206432
3 0.2913593783101448 0.7993243308911099 0.09393284894328655 0.3005363311856975
3 0.9923339875069681 0.6862320376564777 0.015332024986063786 0.18604658430895532
4 0.9837720537637468 0.30493204068153973 0.030878337039429837 0.2048602168225127
4 0.3235567164297293 0.2909351139704012 0.04327834308955412 0.18774543969514967
1 0.35364821652792516 0.22626862597245379 0.040979524004105095 0.06117384933607006
0 0.37427433391617193 0.2802930506404888 0.020503397540672007 0.03293067466803503
3 0.3642095083878153 0.4302294181269315 0.049837415298261155 0.2409068011314682
3 0.37993450233769105 0.4475078217177277 0.06569876463433114 0.2816227047222643
3 0.44528783332699684 0.669755526439992 0.09703966822512733 0.2974295119038565
3 0.45754641793053974 0.49405154449216876 0.049928318889057265 0.25653180113146823
3 0.4751788246445939 0.43634358362158443 0.07808968032537571 0.2629454275949012
3 0.5278316468533009 0.4897731106507516 0.09180674668035031 0.2036522408266178
3 0.5835311592481369 0.26119865875715764 0.06540787314378349 0.23162270472226432
3 0.5991390202916719 0.5269054719888742 0.08117831888905727 0.2567136083130606