6 0.3854298597859985 0.8906961602300957 0.09867384933607007 0.04119769262201558
7 0.47916167906783924 0.8932757386853185 0.0519170240041051 0.06123748184962743
8 0.5387003055312723 0.8648053050402931 0.053352258976990544 0.03937157220870695
2 0.5580588387087596 0.8943791755517978 0.031404536104353474 0.02674430718159222
5 0.5298974772724412 0.9007928020152309 0.025163626463433175 0.028270445745273775
7 0.6043071248131131 0.867548509958949 0.05819429508134384 0.06596134328594587
6 0.660752567533325 0.8336275070320829 0.04080680718159222 0.031486349336070064
0 0.49001594594166564 0.10183312724900002 0.028343168617910842 0.03766362646343309
1 0.5037830092715779 0.1525325640172835 0.05516928903121965 0.0831306625677866
3 0.5138751058771736 0.29778143150372616 0.15532486689726746 0.3790158551898026
3 0.5182717143866258 0.3477541604264873 0.1569419090517453 0.38839994554888213
4 0.6352006600337038 0.2572331786750558 0.09838399960721667 0.2599386022629363
3 0.476978572994274 0.4628342597625574 0.11425443930236626 0.30221700585373235
4 0.5581184469236243 0.7498524707313377 0.0787613251355733 0.10982951795398091
3 0.32116841364794113 0.6567029553114395 0.1267817103796051 0.30697722872636957
3 0.19570130191703505 0.46915802439688853 0.1516271742752516 0.2805601744716434
3 0.3215467053114395 0.3231182956705191 0.132868083916172 0.27888859016268785
3 0.4077286032448949 0.5491717355620606 0.11744307181592362 0.31317268657189173
3 0.16090009680198727 0.27405460265571974 0.12498286104353502 0.2663431383672899
3 0.05541108256043955 0.8152750211754347 0.07843511397040126 0.3223204275949012