8 0.27578125 0.9874580516224475 0.0328125 0.0220658975406721
7 0.22109375 0.9065262141902342 0.053125 0.05968407220870695
7 0.1578125 0.9123631237329587 0.0546875 0.06125566256778683
3 0.8265625 0.21550370004688224 0.06875 0.20821247579950314
3 0.64375 0.6821922720591974 0.103125 0.24434996369925485
3 0.69453125 0.5733030853891099 0.06875 0.23946247579950325
3 0.69921875 0.33108831431187113 0.046875 0.1549602107723885
4 0.42578125 0.27408537715080417 0.0453125 0.1596386204133089
3 0.42265625 0.3756660578689634 0.0640625 0.16131020472226432
0 0.28359375 0.3928813498270494 0.0171875 0.02509999394987581
3 0.24609375 0.38294326844496024 0.08125 0.15828519867214014
3 0.22578125 0.38149894311299526 0.09375 0.1692954215447771
3 0.16484375 0.4248222171171003 0.075 0.18012383723582168