4 0.8836447887366322 0.2876071127864036 0.07768061416679331 0.19307838534372684
3 0.696295300542293 0.4455725120941775 0.13573855386194253 0.23593859468490824
3 0.7038315863520589 0.6667389874283594 0.1280896803253757 0.26397268801718105
3 0.7422839905320302 0.29377420210054084 0.11836924668035032 0.20448860001590835
3 0.2414896258742579 0.41996924403245306 0.11389082493918146 0.24037155601527208
4 0.5247167789740748 0.763085634070633 0.09323289129415606 0.18076019867918128
0 0.28267770725634705 0.38295104937140734 0.020485216822512697 0.0299238573360908
3 0.5464321768093343 0.6016305134070421 0.10933058996629619 0.2621920120146356
3 0.6841487827847038 0.23763274275935936 0.10895788524403187 0.19812951201463572
3 0.3882232044276767 0.2630936300524976 0.1104567527304745 0.18721019334818118
3 0.529911776439992 0.4475424500715876 0.08086015632127061 0.20248974801081765
4 0.2541840268327754 0.18497662603436207 0.09006243949875792 0.17291133601209036
1 0.1535340661585828 0.0720942706874536 0.042569295081343925 0.06611589600572701
6 0.5772519473955938 0.9308731180776327 0.054942030054229464 0.04438634667409076
6 0.4271292275480191 0.90803396005727 0.06121930113146821 0.049146572008272216
7 0.5006349052411162 0.9206072327339061 0.07842498184962743 0.05247156667727211
7 0.3504894594958423 0.8938618247135434 0.07529089149054773 0.05087270401018103
2 0.27776048662320535 0.8805163927036801 0.03616475897699045 0.03948067067154533
8 0.2065985589301082 0.8679703920273625 0.056513620413308895 0.04596702800763595