7 0.3108480212046877 0.9495288639704013 0.03490225867281786 0.04551248789975162
5 0.1560241612030969 0.9603476684215192 0.022238626670908878 0.03137726502711473
2 0.131769048536006 0.963331767855785 0.022238626670908878 0.03137726502711473
8 0.18886393320341507 0.9581948159621909 0.03166817067154524 0.03611930718159258
7 0.23031563653727866 0.954529460477801 0.03330339600572696 0.042378397540672096
4 0.2067695958784601 0.8958397408266178 0.07431129869508961 0.2083205183467644
4 0.9720342532622761 0.5291280647838408 0.04622266136218052 0.21275453005422945
3 0.9242956399188674 0.6030741040114522 0.07167719470081693 0.25196247579950326
3 0.7960257365929579 0.5476366493873837 0.06657152402927143 0.21599770472226432
3 0.6145233872931383 0.2996889870159888 0.05023745202099903 0.15496930113146812
4 0.4142415766231838 0.32274417105379777 0.04229768268618095 0.14398634933607007
3 0.601114320615866 0.37774126414335185 0.04594994135899881 0.18931703005422928
1 0.7234807639640471 0.2690707669720222 0.036628390674726855 0.05958407825883114
3 0.6530291672501856 0.6163406767111386 0.0633737986950896 0.2097295240041051
3 0.5873667098981865 0.7534679719888742 0.09684082670272573 0.266170421544777
3 0.21978195727245736 0.44974651170746494 0.05497949602163539 0.15968407220870695
3 0.34299219060313935 0.4699959000747548 0.055215853357726094 0.17999657220870696
3 0.28456097792014 0.5899766019683488 0.06635334802672607 0.19724770472226433
0 0.16014168590868602 0.6736334636010589 0.019077264003817974 0.028234084308955333
3 0.1323348592457313 0.6461260871376258 0.07576471069381693 0.20042724687674215