8 0.11124747122231696 0.8873959817514315 0.04396816861791084 0.03775453005422946
7 0.15887190496553827 0.8931419877033597 0.033057939695149675 0.042378397540672096
2 0.05740939891541408 0.8753636143631848 0.026753397540671964 0.032967036104353295
5 0.0792434922995558 0.8825221293902994 0.02521816861791082 0.03764544574527377
7 0.23770997727244114 0.9053198008368806 0.033076120413308895 0.0455033975406721
3 0.848511642767094 0.7979320860574713 0.09657605991206672 0.21774201190385653
3 0.7039268923743105 0.5377071374835269 0.10755901170746504 0.2256181444174139
1 0.7294955606976338 0.3058167880492611 0.04257838544042354 0.06743293969514967
4 0.7221779643866257 0.3549946314334028 0.05411584913967822 0.17062157220870694
3 0.6558348260193361 0.4780503363520589 0.09511355386194253 0.23492042154477702
3 0.5971410820694603 0.4948969478865732 0.07631810206654457 0.22699883723582168
3 0.5485490459651067 0.521177646755105 0.07623628883482798 0.21293633723582167
3 0.48682068472518003 0.656760622751 0.09972833098930564 0.22244769262201594
3 0.43321844087350003 0.738482800542293 0.09822037314378348 0.23181360226293624
4 0.6280718777399794 0.8185253454272452 0.08560219847574846 0.21142837939029918
3 0.32902286202549363 0.3847396561248789 0.06832379488495217 0.19570338544042354
3 0.2845688800776704 0.3711993308911099 0.0887453791939076 0.21457156010845857
4 0.13505975946796975 0.2859516564194665 0.09792039129415606 0.18025110226293634
4 0.10544394057891246 0.5420380299560333 0.09827491529826111 0.24118860226293642