4 0.296875 0.20123304662636549 0.1234375 0.26081132535009016
3 0.875 0.3585684532145509 0.1734375 0.2738931280235444
3 0.8140625 0.8280275252228233 0.171875 0.27699994668999894
3 0.75390625 0.4599775065643229 0.134375 0.3125010946849082
3 0.40859375 0.4733705812778662 0.165625 0.3113022213558171
3 0.22734375 0.2770421159691378 0.1171875 0.29823860001590835
3 0.2921875 0.6364438406270019 0.1671875 0.32225790268936266
0 0.228125 0.42078302530236505 0.025 0.037790901336727065
6 0.29453125 0.8114165686266837 0.090625 0.03542951734563573
6 0.553125 0.8591888079249126 0.0375 0.03012385200509051
8 0.43515625 0.8425927486075935 0.0421875 0.036428396005727136
5 0.4140625 0.870181946610457 0.021875 0.02681703866963616
2 0.4421875 0.8761046826066391 0.0296875 0.026907945337363515
7 0.375 0.8479802299490933 0.053125 0.06155566534054522
7 0.49375 0.8676921985996394 0.053125 0.059993165340544864
1 0.18828125 0.042831842655955035 0.0609375 0.08566368531191007