4 0.32210774009385934 0.69140625 0.07084085335772619 0.1796875
3 0.16716460673931482 0.53515625 0.09198969470081667 0.2515625
3 0.0463259427514052 0.62421875 0.08127037070336195 0.2703125
3 0.5636197940404072 0.29765625 0.07064085868872638 0.1625
3 0.5858493300445434 0.328125 0.0822510680299077 0.2203125
3 0.6051816800604518 0.4453125 0.15101924936345307 0.221875
3 0.7185441987189521 0.38515625 0.07896243602799871 0.20625
3 0.8784560954009969 0.4984375 0.10899538136536221 0.2359375
0 0.5805163927036802 0.27265625 0.025472714672181596 0.040625
3 0.5178004060709513 0.52265625 0.06835329471672509 0.36875
3 0.4957521360598154 0.440625 0.10281810669954403 0.2421875
3 0.4715441187539506 0.64296875 0.0897192173774524 0.325
1 0.7942045333386362 0.0390625 0.039844297342454205 0.0671875