4 0.3644629966803503 0.19889783995068408 0.11087490924813696 0.25908519334818114
3 0.20951746320827547 0.4249347233052285 0.13905445140261463 0.26878745735199916
0 0.24884358362158437 0.46979268996659246 0.029951120413308895 0.04565794533736352
3 0.7583736406067849 0.6248121658975501 0.16755215612487895 0.3331772213558171
3 0.9353583214231401 0.5610298345401421 0.10648739109776421 0.3105931493475449
6 0.33765766138943626 0.8289398759548202 0.09869203005422929 0.044895424013363085
6 0.6112815137505685 0.8577893925843675 0.040797716822512695 0.03016021467218124
7 0.5473053721618248 0.8733785772597307 0.05348861436318479 0.06311816534054522
7 0.42378151375056844 0.8599711526098208 0.05348861436318479 0.06311816534054522
8 0.48856617641655087 0.8490603772676849 0.05495112041330898 0.04594884667409076
5 0.4699888932390636 0.8789660532702304 0.02678066861791084 0.03780908267027243
2 0.4965877546753822 0.8849069705999575 0.03458407825883114 0.03633748933799978