4 0.6998019528755526 0.6972780592377771 0.06984084308955403 0.18829997867599957
3 0.8578058712970715 0.52826333521646 0.09216127068445559 0.26511701734563575
3 0.9729036304704539 0.6175429165340971 0.048520354993410564 0.2833579400063634
3 0.43500067213395227 0.2902308172740482 0.0712942587805987 0.16956816000954494
3 0.41215352459328025 0.3233069466104571 0.08102378278470379 0.23061474801081766
3 0.39502913622599045 0.44693535061268436 0.15290787314378348 0.23301358935390812
3 0.2735041150505557 0.38819724462922894 0.0793885599120669 0.21809656667727229
3 0.10873711222188538 0.5112000346515007 0.1092396863755 0.24656701201463563
0 0.4164006630587659 0.26466774327659354 0.026807939695149587 0.042496582670272606
3 0.48831552791293 0.5255319705999576 0.06319190905174529 0.38820907200827237
3 0.5106950428418487 0.4385586819303214 0.10304422852997774 0.255869286680454
3 0.5407132991865605 0.6499138052594124 0.08636578863843632 0.3431692920114539
1 0.18497444281840764 0.030286389322091427 0.0394261143631847 0.060572778644182854