8 0.836769645988548 0.93125 0.040815897540672094 0.0328125
7 0.7891179411680876 0.93046875 0.028352258976990362 0.0390625
2 0.8907031670657867 0.9265625 0.023610216822512697 0.0296875
5 0.8688054411680877 0.93046875 0.022074987899751618 0.034375
7 0.7101980556294683 0.9328125 0.025245439695149585 0.0421875
0 0.12728764520298091 0.4125 0.01738748789975162 0.034375
3 0.1092007205349459 0.4328125 0.06402718032537576 0.2625
4 0.253046690186129 0.28203125 0.048165830989305644 0.221875
3 0.5181035427436529 0.3796875 0.06087490924813679 0.2578125
3 0.8949973199692118 0.45703125 0.08276808996629618 0.2609375
3 0.5587865883159762 0.63828125 0.0781078610435351 0.265625
3 0.928822874125742 0.4171875 0.05472490319801295 0.275
3 0.9306267895221989 0.24140625 0.07008628278470397 0.2296875
4 0.6356980253788471 0.846875 0.0720123971478884 0.2921875