3 0.80078125 0.4078125 0.146875 0.265625
3 0.74140625 0.39765625 0.1109375 0.2578125
4 0.80078125 0.20546875 0.125 0.2109375
4 0.38046875 0.88359375 0.1515625 0.2328125
7 0.42890625 0.9734375 0.046875 0.05
7 0.2515625 0.9890625 0.046875 0.021875
2 0.47890625 0.96484375 0.0375 0.046875
8 0.5296875 0.9546875 0.0609375 0.0578125
5 0.58125 0.94765625 0.0375 0.04375
3 0.85390625 0.7765625 0.1421875 0.33125
3 0.47265625 0.6578125 0.1296875 0.2609375
0 0.5046875 0.60546875 0.0328125 0.053125
3 0.4484375 0.5390625 0.178125 0.26875
3 0.3859375 0.68828125 0.2125 0.2625
3 0.8828125 0.51953125 0.146875 0.3015625