6 0.3635286732177326 0.8537350958200285 0.09411362667090888 0.03179542154477701
8 0.5080962858848235 0.8514509540348932 0.04098862667090888 0.031486349336070064
5 0.49522356854714183 0.8834094811622564 0.022238626670909055 0.03137726502711473
2 0.5225945905474599 0.8812248124461497 0.028470445337363516 0.02985112646343282
7 0.5696604945496871 0.8650912732185383 0.04438634667409058 0.054942030054229464
6 0.6277548052196416 0.8412088665044841 0.036246582670272434 0.02677157825883114
4 0.9213155432447768 0.6577479684728328 0.08608514003818009 0.28173178903121965
1 0.56613243531191 0.16111684552544103 0.04627611067790856 0.08307612041330889
3 0.5941916112746846 0.43551740270703343 0.07641923870145284 0.256677246876742
3 0.5946086872613214 0.5339639930661131 0.07994422803945263 0.2910704275949012
3 0.3554558279360484 0.47319362294739176 0.09684082670272556 0.266170421544777
3 0.40288316923936796 0.6945782644379395 0.1338499306969986 0.22420109016268785
3 0.07585923460377561 0.46375394867214015 0.11564537070336196 0.2709670058537325
3 0.14856948126195785 0.5266811955488822 0.10796014003818008 0.2818590540583344