4 0.27067052742195064 0.2054495275201465 0.07778969847574838 0.2113829275949013
3 0.07133658529091405 0.6292511627641784 0.10943967427525159 0.2803147347764936
6 0.39632190799060035 0.8984450277165383 0.10337043969514967 0.04278746369925486
7 0.49157986583612273 0.9072655158126816 0.03946247579950324 0.06897725897699054
8 0.5542298567609364 0.8811206514494969 0.05962953005422929 0.0440954336450254
5 0.541525323681645 0.9163496243221338 0.02676248789975162 0.034529536104353296
2 0.5720258899384236 0.9107036123200813 0.03301248789975162 0.034565897540672096
7 0.6221531549655384 0.8885377208295335 0.03786361436318479 0.06271816861791066
6 0.6817145073266705 0.8561610371845081 0.04080680718159222 0.031486349336070064
1 0.6726648194782324 0.12889455523668475 0.050463608313060605 0.07997839149054778
4 0.620032639643836 0.7158996515476928 0.09018970452587247 0.1942681504675381
0 0.1512796571068376 0.3162966448101975 0.026826120413308896 0.04546703610435347
3 0.8854172660090732 0.6213900856836976 0.12495558996629619 0.2616556383672897
3 0.6469910911446466 0.513405910622879 0.0935510538619427 0.2349113311856975
3 0.5815893258229442 0.3411360008837628 0.07943401170746504 0.22545451795398092
3 0.5532416120254936 0.3795808773471959 0.07485559601642038 0.24417724687674208
3 0.3152467083365016 0.3317484071068376 0.08867265632127061 0.20207156010845856
3 0.34403880796715924 0.48548194028432484 0.11089308996629618 0.2615738251355733
3 0.3876660881195845 0.5063211602300955 0.12493740924813697 0.2585306383672899
3 0.21753137100248407 0.3424728045493137 0.10606014422102224 0.23654655405833439
3 0.30229166950167363 0.5443165847999347 0.08601126463433122 0.28174087939029935