0 0.2741797841594459 0.679743083916172 0.03467498184962743 0.051762487899751616
4 0.045152376954412446 0.7416789607723885 0.09030475390882489 0.298982921544777
4 0.36654662968488694 0.11229248438371016 0.08878174063022612 0.2208215601084586
3 0.4245404159856322 0.2157583728491958 0.13751922247985354 0.27266586123992675
3 0.5569120335702707 0.29231230337096337 0.09992831888905726 0.25682269262201596
3 0.6064115429400446 0.512920240041051 0.13612943930236626 0.3023442708808471
3 0.5851905279129299 0.5346725201934761 0.15487034894328655 0.3008908551898026
3 0.5279774707313376 0.5655907220870701 0.14559534289316253 0.3180238130353249
3 0.6770871364223823 0.5852088513791734 0.13476692720211786 0.33671018052176754
3 0.3526093111886131 0.6278538518701529 0.16546241529826117 0.24157948770335977
3 0.2908496545727548 0.6345260326865079 0.17194876463433123 0.28224084913967823
3 0.1847683470965749 0.4706220930895541 0.14065331283893312 0.274246541958086
3 0.07516608811958443 0.509048267953981 0.1282623971478885 0.2929238190854491
1 0.8168460906536673 0.1977275529781799 0.06781473477649343 0.10820338544042354
6 0.21443610373587427 0.8770584454506863 0.10188066256778665 0.05527837334017534
6 0.49769805562946823 0.9357395956236368 0.04236930718159222 0.031495439695149584
7 0.4312418086545303 0.9439470053627531 0.058185204722264315 0.06439884328594588
7 0.3040344140407246 0.9197686410977642 0.06449883723582168 0.07537270472226468
8 0.36968668511796343 0.9154629361791082 0.06276362041330899 0.04567611436318479
5 0.34686680865453035 0.9434561259724539 0.031477258976990365 0.03924430718159257
2 0.37494635685913225 0.9514322524358869 0.03615566861791084 0.037709078258831144