6 0.6210735934515854 0.8675394195998696 0.09095226400381798 0.02865224082661797
6 0.35594803278163106 0.8448614854638645 0.037790901336727155 0.025218168617910663
7 0.532937794119949 0.8805530248878679 0.04438634667409058 0.054942030054229464
7 0.4124980247851309 0.8703154825369985 0.04909202800763594 0.05653180113146803
8 0.4741076867838583 0.8605814133533535 0.05039998933799979 0.03466589149054755
5 0.4869713134547672 0.8917586904807167 0.022238626670908878 0.03137726502711473
2 0.4603906321212217 0.8903507265850701 0.02845226400381797 0.028288626463433175
1 0.7029993726925443 0.18654797395279146 0.043078385343726745 0.07680793969514968
4 0.8243572993714073 0.2756917663036609 0.06635334802672617 0.19724770472226433
4 0.5076912514321773 0.7252206302740621 0.07071358402290802 0.16914997579950325
3 0.7824185314289955 0.7001832270760494 0.08748400803627128 0.26767837939029937
3 0.7689094674172233 0.6135371999486864 0.11250218936981646 0.2693863251355733
0 0.6345055533895428 0.410399085290914 0.019095445337363515 0.02979658430895533
3 0.6083890434038605 0.5160269165748074 0.07605561203054415 0.22542724687674198
3 0.5910646360598154 0.4372161153451433 0.07507491470399827 0.27541815651766227
3 0.5779004700429525 0.31306554303824047 0.06506356802990769 0.2206761143631847
3 0.5592130100254533 0.18425928698811628 0.07109539202736244 0.20196247579950316
3 0.38769309337204366 0.282920021666414 0.08036130402608972 0.1926420179539809
3 0.41957944004613423 0.3374257144848217 0.07465674403245295 0.23948065651766245
3 0.4256214493952699 0.4538046934075829 0.10765105736790748 0.2552965540583344
3 0.3329526913987697 0.4801268197728201 0.09338856269890758 0.2380272408266178
4 0.2046255073599533 0.1949165484991895 0.07887152936027153 0.19888292759490128