5 0.00951407748276914 0.9078125 0.01902815496553828 0.03125
8 0.03924066101566248 0.909375 0.04243293969514968 0.0421875
7 0.08451225439980421 0.91640625 0.02678975897699045 0.0390625
7 0.16802419116808764 0.93046875 0.031495439695149674 0.0421875
0 0.7220951093932151 0.63359375 0.02049430718159222 0.03125
4 0.8699735523098185 0.7296875 0.09354196350286301 0.2328125
4 0.3222486037358743 0.87578125 0.11841469847574837 0.2109375
1 0.7119989884889268 0.3546875 0.04101588544042354 0.0671875
3 0.6486717658126816 0.496875 0.09644879488495217 0.1953125
3 0.6050853922761148 0.46875 0.10905787919390768 0.2140625
3 0.6792627147794092 0.61015625 0.10449764422102223 0.2359375
3 0.5352723411446465 0.5171875 0.09360559601642038 0.24375
3 0.48544051278761946 0.48828125 0.08874537919390768 0.2140625
3 0.4013513382177803 0.5734375 0.07629992134838534 0.2234375
3 0.24573363905466086 0.33046875 0.09790221057599675 0.1765625
3 0.07151488905466084 0.33046875 0.08079652380771336 0.190625
3 0.6146679078924044 0.8359375 0.1279078731437835 0.23125