8 0.88828125 0.92734375 0.0359375 0.0390625
7 0.91875 0.821875 0.0578125 0.065625
7 0.97734375 0.809375 0.0453125 0.065625
3 0.12109375 0.29140625 0.0828125 0.2171875
3 0.43125 0.7125 0.1203125 0.2578125
3 0.35078125 0.61640625 0.0828125 0.2515625
3 0.2796875 0.37265625 0.05625 0.1625
4 0.54140625 0.240625 0.05625 0.1671875
3 0.571875 0.3421875 0.075 0.1703125
0 0.715625 0.3203125 0.01875 0.0265625
3 0.7515625 0.3 0.0921875 0.1671875
3 0.77109375 0.2921875 0.10625 0.1796875
3 0.84453125 0.3203125 0.0875 0.1890625