2 0.9453125 0.880530956794994 0.025 0.03310340133672725
5 0.9234375 0.8857451681253579 0.021875 0.029942038669636163
8 0.89296875 0.8877343821212218 0.040625 0.04422271467218124
7 0.84921875 0.8942565547819491 0.025 0.044040901336727244
7 0.7734375 0.9058747601049951 0.0296875 0.04565794533736352
0 0.603125 0.7827992447485418 0.028125 0.039389764003817974
1 0.2484375 0.30445333203372577 0.04375 0.0739465773392725
3 0.39765625 0.3272833993873157 0.0703125 0.19925566000954503
3 0.37578125 0.4715601107176795 0.078125 0.2274715666772721
3 0.49453125 0.6432543920671333 0.1125 0.2544340560152721
3 0.5703125 0.6503861867440873 0.109375 0.29502269334818115
3 0.61015625 0.6430373107494962 0.08125 0.22594542934436318
3 0.65390625 0.7310463880887687 0.15625 0.24244313335454457
3 0.71171875 0.43718784742995015 0.0765625 0.2212033853437269
3 0.7046875 0.3417935314289956 0.090625 0.21511701734563582
3 0.57265625 0.42306970874440547 0.0796875 0.20873974801081766
3 0.78125 0.3700281667727224 0.08125 0.2150079293443631
4 0.6953125 0.8713719434277228 0.09375 0.2292158800127268
4 0.5890625 0.2787293627466327 0.065625 0.19451361600890865