7 0.47788320647078014 0.9011873336215844 0.051944295081343836 0.06592498184962743
7 0.5996809384186035 0.8886151316297944 0.05032725292686635 0.05654089149054755
6 0.6596962878528694 0.8647463604543599 0.0392352168225127 0.029914758976990186
6 0.38718093841860346 0.8873788427949666 0.09708407825883122 0.036501102262936055
8 0.5371218510845859 0.8780952672666098 0.05178975897699054 0.03936248184962743
5 0.5248263841638773 0.9131787943939728 0.026753397540672096 0.032967036104353295
2 0.5529332034457181 0.9102174208574059 0.029869307181592218 0.031422716822513054
3 0.32803111387220535 0.38861408986810025 0.10586924668035032 0.2037340540583344
3 0.5292396107489474 0.4632197010098311 0.07748062626704133 0.1582579275949012
3 0.6026180234149299 0.45349069788657326 0.057540830989305645 0.22220225292686635
3 0.6770822131100795 0.49610998994285505 0.0856294695529872 0.21611587939029936
0 0.6808753545024315 0.6109719206610142 0.02676248789975162 0.03452953610435365
3 0.7887014900410508 0.6139429054375078 0.08707379488495218 0.19581246974937905
4 0.7168754452542945 0.35337758927892515 0.040144252730474506 0.18616475897699045
4 0.011802125874257932 0.4172420421544777 0.019768120216917186 0.17510908430895533
3 0.5616390202916719 0.5266873033709633 0.06331813231716552 0.1409886143631848
3 0.5621935321955286 0.6219998033709634 0.10903969847574846 0.2115647347764936
3 0.6364804598886258 0.6341503454272452 0.11554422852997774 0.2553510962128122
3 0.4556435503459012 0.5698191589535494 0.05760446350286301 0.23313975292686634
1 0.6571822826865079 0.29834465563389967 0.03948065651766246 0.07210225897699045