6 0.4003741452100965 0.9054217355620604 0.10043635200509068 0.03808178298109581
7 0.49320653520850577 0.9165996091968232 0.04602157200827221 0.06120112041330898
8 0.5536264145449147 0.893593380372258 0.05670453333863605 0.03938975292686635
5 0.5407355158736877 0.9272598532448949 0.023819308004454243 0.032948855386194256
2 0.5673071065404603 0.9263240671405415 0.02692612667090888 0.031404536104353654
7 0.6175889172104148 0.9018144256499937 0.049146572008272396 0.06121930113146803
6 0.67650084054746 0.8741297871845081 0.03940794533736351 0.029914758976990186
4 0.7146104625636867 0.754384913746137 0.056160188017181055 0.12688066256778646
1 0.3317563406270018 0.290237617977422 0.041406797342454116 0.06742384933607007
3 0.19439051125877618 0.5480506388582691 0.06918744668999892 0.17226588544042354
4 0.07680192723586812 0.7174733254301608 0.06673515603118038 0.23006020472226432
0 0.33655292862827446 0.28083534690018314 0.019095445337363515 0.02979658430895542
3 0.31543935526736666 0.4840694312091386 0.0836135733609078 0.20359769867214011
3 0.3600160586012303 0.4799041059753694 0.08137945870463463 0.2801420179539809
3 0.3409558812460495 0.6409415999252452 0.11064878803308939 0.2443772347764936
3 0.39956890726450317 0.5046723018188392 0.0820874360279987 0.2067136083130606
3 0.45266663526418505 0.5067069796101322 0.07709085335772628 0.18012383723582168
3 0.5094240705760951 0.6641785911446465 0.09324311203054414 0.2255272408266178
3 0.5218722632877293 0.33287859416970866 0.07689085868872639 0.16293633723582168
4 0.6139875852960017 0.271409308163551 0.06791584802672598 0.19725679508134392
3 0.8700433972390499 0.689422468197255 0.10934082670272574 0.2662431444174139
3 0.8280398999443207 0.4053110886105637 0.08048857336090798 0.2035795179539809