6 0.3843912061186764 0.8720416090004315 0.0924602200031817 0.023973831185697493
6 0.6546400714512673 0.8650002268796577 0.036210220003181706 0.023646578258831142
7 0.47368097278799437 0.8910547085328933 0.041243165340545215 0.05336134933607006
7 0.5963008601209034 0.8872161153451433 0.04282384667409041 0.05493293969514994
8 0.5328650687857672 0.8743030248878678 0.04881930800445424 0.03309430113146803
5 0.5191661954566762 0.9056348381195842 0.020657945337363516 0.029805674668035208
2 0.5465008547899034 0.9046945068356912 0.02843408267027243 0.02672612646343282
0 0.7880754487189521 0.3805974349215717 0.01598862667090888 0.0313409035907962
4 0.7524817520289532 0.2089178776417835 0.05072834802672599 0.1971568011314681
3 0.5126470926957258 0.21109449776050485 0.04918402936027135 0.1987102107723885
4 0.051558335415314405 0.6036471747662309 0.043243112030544054 0.22523634933607006
4 0.6521861387650864 0.7212547720591975 0.06777039735836254 0.18475679508134402
3 0.8445163527211793 0.3966764319947055 0.09466016136218051 0.2130363311856974
3 0.4647192173774525 0.3223183440715128 0.0507647106938169 0.20028180113146812
3 0.43406920138445226 0.3740626512531051 0.060394249363453056 0.22221134328594588
3 0.4750032840547247 0.4003888019170351 0.08390447469763487 0.22859769867214014
3 0.5745498454009969 0.4951286092950191 0.06522720003181667 0.2347386143631848
3 0.6364413180696786 0.5096132901113742 0.07769083736472596 0.2316863372358217
3 0.6501760067234065 0.4142144317001179 0.05730561203054414 0.22531816256778647
3 0.2064736494270866 0.6894705243968885 0.05261811203054405 0.22529089149054773
3 0.29692537941595076 0.6069074883907308 0.0854124306969986 0.22391928903121966
1 0.3523181200270442 0.19718250956616562 0.03681020401018138 0.07520907825883123