7 0.6409013569383184 0.9875 0.029832945745273953 0.025
7 0.7190672635541767 0.99453125 0.029751132513557366 0.0109375
1 0.7366112283335859 0.384375 0.040979524004105095 0.0609375
4 0.7260737041330891 0.453125 0.04605790944452863 0.128125
0 0.7850628847530524 0.52109375 0.017332945745273776 0.025
3 0.7929844690620079 0.53984375 0.07307492739850936 0.20625
3 0.5473810775714603 0.48984375 0.07451016237139499 0.184375
3 0.452713472185266 0.46640625 0.06669766237139499 0.184375
3 0.6664497610200939 0.67890625 0.11231923458010193 0.2375
3 0.3836680355151783 0.415625 0.08075107201231528 0.1828125
3 0.16659416500367352 0.43515625 0.11995901775758915 0.2078125
3 0.03529416802873564 0.4265625 0.06691583098930572 0.221875
3 0.22450315553570377 0.7203125 0.11870558996629618 0.2609375
4 0.3739633209321608 0.89609375 0.09481357201231529 0.1828125