2 0.9699025348278072 0.8751445467316639 0.02676248789975162 0.034529536104353296
5 0.9472826462641258 0.8812627365250094 0.023619307181592573 0.031386355386194255
8 0.916046281802745 0.8834246793434172 0.042451120413308986 0.04555793969514994
7 0.8731184384186033 0.8902059444687277 0.040879530054229465 0.04398634933607006
7 0.7935127516503201 0.9038048361556672 0.042460210772388506 0.04712043969514994
4 0.7031735770804808 0.8181258905085891 0.12205784894328672 0.3006999576491303
4 0.1289350837197802 0.40854881908544904 0.08251355991206685 0.21766019867214012
0 0.5399902375069681 0.2968816287029283 0.020503397540672097 0.03293067466803503
1 0.677017538834828 0.21643158030193468 0.050445427594901206 0.07685339149054773
3 0.7582741675377562 0.7551673482559156 0.11235559601642038 0.24439541549465282
3 0.7252202521412994 0.5791997458947834 0.09019879488495217 0.19583065046753828
3 0.6184248305965223 0.48483160147736937 0.128180583916172 0.2788613190854491
3 0.5559697615110732 0.3579100322937245 0.08076016237139498 0.1848386083130605
3 0.4993334212501894 0.2911765293668582 0.07936128883482815 0.2129545179539809
3 0.3195293092246958 0.6729300025340827 0.11605328863843631 0.34285109621281207
3 0.16675324628756685 0.46345448770335984 0.07788969242562419 0.2285704275949012
3 0.3545259570599554 0.5114203307929139 0.08896354781181852 0.25207156010845855
3 0.43781972521032797 0.4603441650036736 0.10921241529826116 0.2412522347764936
3 0.47298558645025474 0.5964816529034251 0.09690331283893308 0.2739920119038565