7 0.7640625 0.8957968278962776 0.028125 0.04407726400381797
7 0.840625 0.8839684425525507 0.028125 0.04407726400381797
5 0.91640625 0.8721491478755967 0.021875 0.029942038669636163
2 0.93984375 0.8679701778724149 0.0265625 0.036246582670272434
8 0.8859375 0.8764099338797328 0.0421875 0.03799089600572714
1 0.3515625 0.35762794995227487 0.0421875 0.07236589600572696
4 0.325 0.4063745326225475 0.053125 0.16155566534054505
4 0.49609375 0.8942274265993213 0.0828125 0.20096361067790874
4 0.93046875 0.3454230158736876 0.0625 0.17885225334181784
3 0.96953125 0.45590598253505144 0.0609375 0.21320907200827222
3 0.56953125 0.34649790392268537 0.0765625 0.17120338534372684
3 0.47421875 0.3429194652689575 0.071875 0.17271134134309046
3 0.490625 0.4724160612667303 0.084375 0.18379429201145392
3 0.47734375 0.4921018526018666 0.0765625 0.21651588534372673
3 0.5859375 0.5267757499204582 0.084375 0.22129429201145392
3 0.43984375 0.5769132046069573 0.078125 0.2165340666772723
3 0.36640625 0.6418302272835932 0.090625 0.21980451734563572
3 0.359375 0.6567557932845477 0.0953125 0.24173406134627218