6 0.7324684862494315 0.8605531005144205 0.09866475897699054 0.03963519262201594
6 0.45328043511796345 0.9106132296101321 0.040797716822512695 0.029923849336070063
7 0.6447503176315208 0.898562160622879 0.0519170240041051 0.06123748184962743
7 0.5188418026044062 0.9211689345287883 0.05348861436318479 0.06280907220870731
8 0.5799383838882994 0.893470660524683 0.04710225897699054 0.03933521077238851
5 0.6016361218862469 0.9238121454975685 0.02676248789975162 0.03452953610435365
2 0.571921350809008 0.9286723623200814 0.025181807181592398 0.031395445745273774
0 0.480530819871016 0.38937857904439815 0.02678975897699054 0.039217036104353474
3 0.5249257144848217 0.41255700381062904 0.10141809601642038 0.24433178298109545
4 0.7817761990649236 0.17357073010111151 0.11380901170746487 0.22565450585373242
4 0.08790996517219274 0.8689903736347627 0.11558058996629614 0.26160109621281225
3 0.39459384075186305 0.25550809397331686 0.08251355991206691 0.21766019867214012
3 0.6013240671405414 0.5746070310361879 0.14856580678880887 0.291479493753484
3 0.5555297781093217 0.6576831514494967 0.15167262607064966 0.2883726744716434
3 0.6710558259211401 0.40545705523668474 0.1609203610435351 0.26655221662612105
3 0.7688620668459538 0.37910765779420863 0.1077499092481368 0.2584306444174141
3 0.9072246091968232 0.49861111583612266 0.11256467427525152 0.28033291549465283
3 0.29732288925105255 0.45841090105671345 0.11231923458010193 0.23814541549465282