6 0.6890625 0.8873974016458887 0.0984375 0.028697692622015936
6 0.4015625 0.9031325277165383 0.0390625 0.026789758976990187
7 0.59609375 0.9145007780111258 0.0453125 0.058076120413308986
7 0.465625 0.921509822994274 0.046875 0.05964771077238851
8 0.53125 0.9015967779129299 0.053125 0.03624657220870695
5 0.5484375 0.9343092839630541 0.0234375 0.032948855386194256
2 0.51953125 0.9352587056060271 0.0296875 0.0298602168225127
0 0.21796875 0.39873189490839334 0.01875 0.03448408430895533
4 0.240625 0.21344383470173883 0.0578125 0.21283634328594586
3 0.49609375 0.19477006099222138 0.0578125 0.21439884328594588
4 0.3921875 0.750062069871016 0.0765625 0.1988829275949012
3 0.159375 0.42172903337387896 0.1046875 0.23029655405833438
3 0.55625 0.30926383216765607 0.059375 0.21597043364502538
3 0.59296875 0.3613939587292851 0.0703125 0.23790906615858276
3 0.55234375 0.3920990580653551 0.0953125 0.24742951190385662
3 0.4546875 0.5028234555078313 0.075 0.25199883723582167
3 0.38984375 0.5227319554096355 0.0875 0.24894656010845856
3 0.3671875 0.4228637656162898 0.065625 0.242569295081344
3 0.8625 0.677013371788051 0.0625 0.2409886143631848
3 0.75859375 0.5971491306668456 0.0953125 0.24117951190385653
1 0.66484375 0.16566330221162265 0.040625 0.08304884933607007