4 0.3162693737329586 0.15596715710683762 0.11406354176169424 0.2694045058537325
3 0.15162911505055576 0.39051084963065763 0.1438055839161719 0.2789522226762452
0 0.19275810909862742 0.4379262051150478 0.03153180113146816 0.04861930718159222
3 0.7199058954975686 0.602822413746137 0.17388396935659536 0.3463124394987579
3 0.9054393953993728 0.5369014561952022 0.11125670432948098 0.3240738251355733
6 0.28042017291951915 0.8124035094679698 0.1018261204133089 0.04590337334017498
6 0.5645997301993073 0.8443428141154794 0.04236930718159222 0.031495439695149584
7 0.49810257660851126 0.860354154376363 0.05506929508134384 0.06594316256778683
7 0.3700684801993074 0.8454745638208918 0.056631795081344014 0.06595225292686635
8 0.4365338175333249 0.834931973560008 0.056522710772388504 0.04720225292686635
5 0.41760655553127235 0.8655098078689634 0.028352258976990542 0.03922612646343282
2 0.44490939891541414 0.8723819765850701 0.03615566861791066 0.037709078258831144