7 0.790625 0.9170997216942866 0.0265625 0.0454670361043533
7 0.86875 0.9019292396482677 0.0203125 0.043868174668035206
5 0.94453125 0.8867451220636289 0.0234375 0.031386355386194255
2 0.96796875 0.8829752274498232 0.028125 0.03610112646343318
8 0.91328125 0.8928133148820365 0.04375 0.039317030054229464
3 0.2 0.8546945782097332 0.1265625 0.29061084358053363
0 0.26640625 0.5202999062230749 0.028125 0.04391362646343318
1 0.3234375 0.3284442043294809 0.0484375 0.07371930113146821
4 0.31171875 0.39790727663638376 0.0609375 0.1675420240041051
3 0.34921875 0.5965629452542945 0.1171875 0.24286927693097127
3 0.34609375 0.6848260145361353 0.15625 0.2665340359079618
4 0.5390625 0.8873555960164203 0.103125 0.22528880796715925
3 0.9765625 0.672868974424761 0.046875 0.27214771077238853
4 0.90625 0.3154286582661783 0.0765625 0.2160704275949012
3 0.7140625 0.3393105440993853 0.08125 0.21141019867214011
3 0.58828125 0.3917037701934761 0.0859375 0.21456246974937904
3 0.64609375 0.5350088634794219 0.115625 0.25067268657189173
3 0.77265625 0.585745182564871 0.0921875 0.2317863311856975
3 0.30703125 0.6400675055591449 0.1109375 0.2756454154946528
3 0.4671875 0.5386555173648058 0.1015625 0.24277837334017516