6 0.6287804048673424 0.8236576093932151 0.0986102168225127 0.030260192622015937
7 0.5372150735834491 0.8515331453993726 0.047211343285945874 0.058085210772388506
8 0.47088154645608604 0.8394194856602564 0.05020907825883114 0.03622839149054755
2 0.46052076337679465 0.874634822994274 0.029832945745273776 0.025172716822512698
5 0.48943610373587426 0.8729041513513011 0.022029536104353476 0.02668976502711473
7 0.40669632660851124 0.8608859403825206 0.05348861436318479 0.06280907220870695
6 0.3419571157379268 0.8432944402843248 0.039226126463433174 0.028352258976990185
4 0.9735581363241863 0.510724775575239 0.04844763212077367 0.2705852107723885
1 0.5994954850710812 0.08322805211342679 0.04736587939029935 0.08464771077238853
4 0.31857013359371184 0.7004665908500589 0.09195219242562418 0.22865224082661798
4 0.08575517193756052 0.16512048507108124 0.06540787314378341 0.23162270472226432
3 0.2427535639190876 0.4384165636245 0.07976126463433122 0.2817045179539809
3 0.3796632114597596 0.40480865720503345 0.08124195140261463 0.26765110831306044
3 0.4106001149523599 0.32416264520298094 0.08731923458010193 0.23799996974937904
3 0.38101715408177544 0.30636661202549365 0.07639991529826115 0.24106133723582168
3 0.4290228620254936 0.3803035608940255 0.11543514422102241 0.23660109621281206
3 0.5130211330045367 0.31028597668326596 0.10123628883482798 0.21308178298109554
3 0.5098193858332071 0.18921495258096502 0.08889991529826116 0.24113406010845861
3 0.5282183652469475 0.51800302791293 0.0876373971478884 0.29268746974937904
3 0.7768462419067723 0.6181156156397309 0.0765089996072165 0.25981133723582167