2 0.921875 0.8982269867918123 0.025 0.03310340133672725
5 0.8984375 0.9026417667886306 0.0203125 0.029923857336090976
8 0.86796875 0.9038497307844946 0.0390625 0.04264203333863605
7 0.825 0.9072559941119949 0.025 0.044040901336727244
7 0.74609375 0.9149315867679497 0.0296875 0.04565794533736352
1 0.75234375 0.26500431210213166 0.0390625 0.061392033338636146
3 0.71953125 0.5107162540976773 0.0921875 0.23701019867918127
3 0.68125 0.6126145614258139 0.11875 0.3763817813494539
0 0.24375 0.5262737880330894 0.0234375 0.029960220003181704
3 0.26953125 0.5429800300365892 0.08125 0.1525079293443632
3 0.31640625 0.5357129700429526 0.0515625 0.15059998400699967
3 0.34140625 0.5133476213796797 0.1015625 0.1949317866804538
3 0.3109375 0.6364305853755434 0.14375 0.3610476826861809
3 0.45390625 0.5248129273949518 0.08125 0.16969542934436319
3 0.4671875 0.553092468730088 0.109375 0.24502269334818116
3 0.625 0.5463350334181779 0.1046875 0.2871556493475449
4 0.96796875 0.562044586131403 0.0640625 0.3023079346753633