4 0.29191218482337583 0.7170273769544124 0.07254768657189174 0.11604315651766246
4 0.9383195522116227 0.6593622634749906 0.08748286104353512 0.26612496974937905
1 0.7526608708060923 0.20967640174408447 0.0551511083130606 0.08000566256778666
0 0.756339861829102 0.2487161758463854 0.02522725897699054 0.039207945745273955
3 0.7320387777165382 0.39729003123257967 0.11892375858420685 0.29911927693097135
3 0.6544586783804682 0.4383650040070208 0.09051695745273883 0.2505181504675381
3 0.43605865720503345 0.37948140427816723 0.10451582493918146 0.23966246369925487
3 0.6346193979334555 0.22286272385459557 0.09189765027114642 0.2192772408266178
3 0.37227795833650157 0.3314166090004315 0.1311328670936593 0.24919199980360834
4 0.3567716538853838 0.17682455777076753 0.08092378883482798 0.21296360831306052
3 0.3797672297083281 0.5212103620254936 0.10323512607064966 0.28809087334017514
3 0.6719683652469475 0.5171667148776051 0.08745558996629618 0.26143746974937904
3 0.5055439345287882 0.5212598381195844 0.12355671642972936 0.2897715480082102
3 0.7369297690341353 0.6308474197962612 0.08898172852997774 0.2551965601084586
3 0.7480985523098185 0.7253104921031641 0.14695785499341074 0.28365790339440444
7 0.3816963266085112 0.8610313861277946 0.040988614363184704 0.06273634933607006
7 0.5003281519404762 0.8806530188377437 0.03313975292686635 0.056440897540672094
6 0.2998650645082628 0.8271336299794745 0.10026362041330898 0.045894282981095456
6 0.5636639440949539 0.8709098592950191 0.0392443071815924 0.03147725897699054
8 0.4434332573266705 0.8575473169441498 0.054932939695149584 0.04250566256778683
5 0.4229571308632373 0.8857904916121846 0.02989657825883114 0.03611021682251305
2 0.45105485978599846 0.8903143651487516 0.025181807181592398 0.031395445745273774