7 0.7857138871889393 0.8924809238940503 0.028388620413308984 0.04563976400381797
7 0.8614133239572229 0.8775366292170963 0.028388620413308984 0.04563976400381797
5 0.9378940107255062 0.8625832438733696 0.023619307181592573 0.03152272000318135
2 0.9613133300073471 0.8591855238701879 0.028334078258831143 0.03626476400381797
8 0.9074570769822848 0.8684065298775057 0.04396816861791066 0.03800907733927232
1 0.34902486992232956 0.36549499395291124 0.04573065651766246 0.07240225867281787
4 0.3243157614128774 0.41578589528963833 0.058757897344280254 0.1631727093411815
4 0.516191727548019 0.8971797039306395 0.08862720452587265 0.194768154678545
4 0.9301248789975158 0.3329502878740058 0.06979539129415606 0.18048747867599957
3 0.9697635750373774 0.44419632320182423 0.060472849925245244 0.21478975334181777
3 0.5676839663315334 0.34732460725654896 0.08224993949875792 0.1728204293443631
3 0.4715811259724537 0.3468802592695938 0.07913402985783762 0.1743465666772722
3 0.49343392095560185 0.4771035612667303 0.09169766237139498 0.18542951734563573
3 0.4802663004440971 0.49678935260186663 0.0856385599120669 0.2181692920114541
3 0.5913901528052292 0.52752972792014 0.09347833098930565 0.22294769867918127
3 0.4463867250139362 0.5823455919398663 0.08720105991206673 0.21818747334499947
3 0.37568386045435986 0.6503603426161841 0.09971924063022612 0.2214579240133631
3 0.36796226404515603 0.6660762492839114 0.10454309601642038 0.24494996801399935