6 0.70546875 0.8535098779042318 0.09375 0.032340880012726815
6 0.43515625 0.8839989986075935 0.0375 0.02699885200509087
7 0.61875 0.8849876919160039 0.0453125 0.05677725867281787
7 0.496875 0.8989058359325487 0.05 0.05995680267345449
8 0.55703125 0.8763308545910491 0.05 0.03651930267345449
5 0.575 0.9058092692552764 0.0234375 0.0330852200031817
2 0.54765625 0.9092524425923216 0.0296875 0.030032945337363514
1 0.6625 0.1555723645767314 0.04375 0.07863407733927245
4 0.8015625 0.22036047589118685 0.06875 0.20079997867599958
4 0.56484375 0.7348336979233216 0.071875 0.17271134134309066
3 0.83671875 0.6535451458864143 0.0921875 0.27451019867918125
3 0.8078125 0.569506500557005 0.115625 0.27634541868236295
0 0.63515625 0.39339053791377665 0.0203125 0.0314863573360908
3 0.628125 0.5036286039147312 0.0796875 0.23061474801081766
3 0.596875 0.42977348058564 0.078125 0.2821590666772721
3 0.5609375 0.3075354012571853 0.0671875 0.22734429734245412
3 0.51796875 0.18147288792968505 0.0734375 0.20710452267663593
3 0.36484375 0.31606715861713863 0.084375 0.197856792011454
3 0.40625 0.36402285327818434 0.0765625 0.24464088534372683
3 0.4328125 0.4785575206079118 0.1109375 0.26222837468172655
3 0.3453125 0.5241069252864567 0.096875 0.24487724267981753
4 0.1640625 0.2644972099777283 0.08125 0.2040704293443631