8 0.15373263416387734 0.9092926658874363 0.04082498789975157 0.03461134933607006
7 0.19983092934341712 0.9098057502945875 0.028352258976990452 0.039226126463433174
2 0.10057127272755886 0.9033517380961433 0.023610216822512742 0.029823855386194253
5 0.12168774862525789 0.9071352682485685 0.022074987899751618 0.03450226502711473
7 0.276420700420656 0.9140478226996862 0.026807939695149673 0.042342036104353296
0 0.8649816680287357 0.421544621788051 0.01738748789975162 0.03447499394987581
3 0.8822918878763104 0.4425383778381752 0.07181240924813678 0.25822156615858277
4 0.746244782686508 0.29019969389856215 0.054397650271146424 0.21905907220870696
3 0.4842492976154267 0.3784456242239379 0.06866013817089822 0.2535158854404235
3 0.11195666197861143 0.44311367486442677 0.08899081888905731 0.25675906010845856
3 0.4349315954272452 0.6303035608940256 0.08433968032537571 0.26298178903121966
3 0.08125610782208119 0.40344718686647935 0.06251013212077386 0.2706670240041051
3 0.08572491832332323 0.23154037060970065 0.07475560206654457 0.22698974687674198
4 0.35329175174851585 0.8323478499252452 0.08136012607064966 0.2879636083130606