7 0.28984375 0.9389387383907308 0.021875 0.04231476502711473
7 0.2140625 0.9385983708060923 0.021875 0.04075226502711473
5 0.1375 0.9367000484009935 0.01875 0.028234084308955687
2 0.1140625 0.9368364037871878 0.021875 0.03293976502711473
8 0.16796875 0.9373040363989411 0.0375 0.033030668617910666
1 0.759375 0.3033945854873058 0.03125 0.0517443071815924
3 0.653125 0.3274502299047198 0.040625 0.12523634933607006
4 0.871875 0.49883382963357337 0.0453125 0.194013620413309
4 0.72109375 0.8153360492847564 0.0515625 0.21436248184962742
4 0.2078125 0.36363473224241083 0.028125 0.15172612646343317
3 0.26875 0.44374895823830574 0.05 0.17372839149054772
3 0.35625 0.529958648129847 0.0625 0.19255111436318478
3 0.378125 0.5470188831027325 0.040625 0.19398634933607006
3 0.5046875 0.5314388140172834 0.053125 0.20030907220870695
3 0.39609375 0.703945593973317 0.075 0.20512383723582167
3 0.33359375 0.7082154583365016 0.0859375 0.25049996974937905
0 0.29296875 0.6287643076725716 0.0171875 0.03134999394987581
3 0.91796875 0.7368469140407246 0.059375 0.2206579336450254
3 0.775 0.6579911818965096 0.0515625 0.22061248184962742
3 0.675 0.43591671487760514 0.03125 0.17986930718159239