7 0.2328906670657867 0.9279487797596417 0.025263620413308895 0.04545794574527377
7 0.1509185043998042 0.9173152859079619 0.019004530054229286 0.04385908430895533
5 0.07207134173382172 0.9066999727744411 0.02361930718159235 0.031386355386194255
2 0.047084977272441146 0.9042107770291672 0.02834316861791083 0.03766362646343317
8 0.10329861583612268 0.9107880299560336 0.04240566861791084 0.03774543969514994
3 0.8373968807650414 0.8283372035439139 0.1142362585842072 0.29909200585373236
0 0.7464052838648583 0.4879525771786767 0.026817030054229286 0.04390453610435348
1 0.6756574883907309 0.2937844206610143 0.047311337235821684 0.07527271077238851
4 0.6924404674116879 0.3634156646108901 0.054124939498758094 0.17218407220870705
3 0.6670126996540987 0.5710872640451561 0.1076862767345796 0.2474931444174139
3 0.6758559136479411 0.6625480561996338 0.14688513212077403 0.27115790339440443
4 0.488613947120016 0.8841169665279252 0.09198855386194271 0.23176606694414978
3 0.018703506442907664 0.691524424668035 0.03740701288581533 0.2767988493360701
4 0.07316829264545702 0.3152800872358216 0.06379083098930571 0.2222386143631847
3 0.2731046601318997 0.3273811531980127 0.0700135599120669 0.21758747579950324
3 0.4064256993595111 0.37503337889932004 0.07471924063022613 0.22073974687674208
3 0.3555484797083281 0.5255237374087722 0.10461581888905727 0.25684996369925467
3 0.22785020570422296 0.5857203731437834 0.08106923458010193 0.2379636083130606
3 0.7128564647794093 0.6143241796380048 0.09695785499341092 0.28336701190385655
3 0.5407501815037261 0.518788444959707 0.0889453670936593 0.24894656010845856