4 0.165625 0.33125 0.0609375 0.2171875
4 0.3875 0.72109375 0.0609375 0.171875
0 0.559375 0.34453125 0.0171875 0.0390625
3 0.33125 0.2390625 0.0453125 0.2125
1 0.278125 0.184375 0.034375 0.075
3 0.3671875 0.4015625 0.046875 0.2203125
3 0.3046875 0.5734375 0.053125 0.240625
3 0.4640625 0.55 0.071875 0.275
3 0.57109375 0.465625 0.0609375 0.240625
3 0.6140625 0.559375 0.084375 0.2625
3 0.64453125 0.471875 0.0640625 0.2203125
3 0.70703125 0.3203125 0.0734375 0.2203125
3 0.778125 0.328125 0.078125 0.2390625
3 0.8546875 0.5390625 0.0546875 0.2359375
4 0.84453125 0.2390625 0.053125 0.1875
6 0.35234375 0.86640625 0.096875 0.034375
6 0.6203125 0.87421875 0.0375 0.025
7 0.4390625 0.88671875 0.021875 0.053125
7 0.5609375 0.8921875 0.04375 0.0625
8 0.5 0.878125 0.0515625 0.034375
5 0.4828125 0.90703125 0.025 0.034375
2 0.5109375 0.90703125 0.025 0.034375