4 0.5984375 0.9137058924725064 0.0828125 0.15516928903121965
1 0.43203125 0.3459240157144857 0.0609375 0.08941702400410509
3 0.2890625 0.7608182835702707 0.1296875 0.28356699980360833
3 0.44453125 0.6083512928418487 0.08125 0.30359769867214015
3 0.46328125 0.6988672085328934 0.1171875 0.33661927693097127
3 0.62734375 0.6002564708295335 0.103125 0.31153746369925484
3 0.64453125 0.3860939768796577 0.065625 0.234756795081344
3 0.62890625 0.42602863047045386 0.1015625 0.26309087334017517
3 0.921875 0.5758866881430256 0.109375 0.3334488251355733
0 0.42265625 0.3530098078689634 0.0265625 0.04234203610435348
6 0.821875 0.8530309711241211 0.0515625 0.036237481849627426
6 0.828125 0.8951821096878027 0.0453125 0.03932612041330898
7 0.8703125 0.8464991699926528 0.0328125 0.0376908975406721
7 0.87578125 0.8902173537358742 0.0328125 0.040815897540672094
8 0.92265625 0.8360383929634857 0.046875 0.03777271077238851
2 0.91640625 0.8860747543998041 0.028125 0.03141362646343282
5 0.94765625 0.8796429472182119 0.0265625 0.032967036104353295