6 0.3625201565484145 0.8689256993595112 0.10039998933799979 0.034956782981095814
6 0.6488849178867324 0.830543413647941 0.040952264003817976 0.02836134933607006
7 0.45770538721359644 0.8793086874556544 0.05070907200827222 0.061228391490547554
7 0.5875928818825964 0.8613666876520462 0.05541475334181776 0.06281816256778683
8 0.5204962885503235 0.8539450730924699 0.05514203333863606 0.03938066256778683
5 0.508368458545551 0.889169500785567 0.025399989337999786 0.03452044574527378
2 0.5373201618794147 0.8850950791425941 0.03317612667090888 0.0314408975406721
4 0.4865581878978683 0.7494621061717611 0.06529883068109026 0.10662270472226432
4 0.16622169995227493 0.3505716508603217 0.0733669640356347 0.2629090661585828
4 0.925217081317637 0.11305242838046818 0.08706583736472595 0.22610485676093636
3 0.688313781269912 0.4631513805686497 0.14992946403563465 0.26335449375348413
3 0.7112518419398663 0.4388008203619953 0.13108855736790748 0.2554329094445286
3 0.5165302352800933 0.38915586524694745 0.10272720003181668 0.23495678298109562
3 0.45620180995386583 0.33716663925105256 0.15305446403563466 0.26337267447164336
3 0.4262432319780465 0.15922799161218476 0.07598288669636233 0.21917724687674203
3 0.4275142832988652 0.2514018560735653 0.08397720003181668 0.23484769867214011
3 0.32317912993318487 0.4902739794137405 0.09407945337363452 0.2974022408266178
3 0.40786266526100334 0.5304035548439013 0.10487150270527099 0.28496587334017515
3 0.5137752159055043 0.6930575700674078 0.08675675469445317 0.20517837939029934
1 0.3105091439767738 0.16927567818407646 0.055742017345635816 0.0909431625677866
0 0.508663191279457 0.39388881704234563 0.026962489337999784 0.03452953610435348