7 0.7688554381430255 0.9263792729239505 0.02996021077238851 0.047047716822513054
7 0.8478389561952022 0.9135570860574713 0.02996021077238851 0.0470477168225127
5 0.9260503146064586 0.8991678540114523 0.023619307181592573 0.031386355386194255
2 0.9495150856836976 0.8946167093976465 0.029905668617910663 0.0376727168225127
8 0.8939872483496799 0.9044502516503201 0.04397725897699019 0.039317030054229464
3 0.8047621636479413 0.6632980108237021 0.10149990924813679 0.25839428298109546
0 0.272640010057145 0.6758277435570923 0.020476126463433175 0.028243174668035033
3 0.2034274435057787 0.48635617739850956 0.08224993949875792 0.17234769867214011
4 0.1740035639190876 0.44087096057599684 0.05258062021691723 0.17529998184962742
4 0.6170798355855016 0.8278367129136879 0.08720105991206673 0.21768746974937905
4 0.6720052475641131 0.384391239942855 0.05876698770335977 0.16439884328594587
3 0.43084443725926275 0.3407992794650541 0.08694652985783762 0.17393746974937904
3 0.46927970248276907 0.44883903844204454 0.07763516237139498 0.1848204275949012
3 0.34195361232008126 0.5793527193565955 0.10267152380771334 0.19121587334017515
3 0.2687519407753042 0.6726800176593933 0.09660333098930574 0.2224295119038567
3 0.39899745609700643 0.8460998578220812 0.13274990924813695 0.258576090162688
3 0.4260695370863122 0.6243748487468949 0.09327834308955403 0.1880363311856975
3 0.5156223955957644 0.6748975443939729 0.09822946350286302 0.23337610226293642
3 0.6188206393492484 0.5286179629136878 0.09815674063022613 0.2208761022629364
1 0.6014114673134922 0.29804012860473245 0.040970433645025395 0.05961134933607006