2 0.06843548359814325 0.8863056595427246 0.025190897540671962 0.032957945745273776
5 0.0903377546753821 0.8911204245698393 0.020485216822512742 0.029805674668035208
8 0.12237354985492191 0.8920880269309712 0.033048849336070066 0.040815897540672094
7 0.16459286611170057 0.897802216626121 0.025245439695149675 0.04233294574527378
7 0.24121445344571807 0.9084038942210222 0.029942030054229286 0.0439227168225127
3 0.7222008330324092 0.8636322705862595 0.12035899355709248 0.272735458827481
3 0.6774821889095828 0.564859989942855 0.0954589875069681 0.294295421544777
3 0.6540492340891226 0.5655048845566608 0.10968511397040129 0.3225022347764936
3 0.7206236557320955 0.5947974748175445 0.12045898750696811 0.294440867290051
3 0.6046895835233885 0.5409997882456528 0.1141998971478884 0.29284200585373255
3 0.47767815251064166 0.7316606288011241 0.12250327653818793 0.3772624576491307
3 0.3075514839909267 0.6283305748409858 0.12519193930236625 0.3022806383672897
3 0.21538618900777862 0.49733003883482796 0.09536808391617199 0.278670421544777
3 0.0975366554375079 0.7856971263652373 0.1566328368430382 0.33527494554888226
4 0.6933243157657993 0.3337099838927308 0.06692492134838535 0.22381929508134402
4 0.5880349112912404 0.8992107014026146 0.09806583703942984 0.20157859719477073
1 0.6687464965821543 0.2718503333269967 0.050545421544777015 0.09404089149054773
0 0.6671021833504379 0.25777874296791714 0.02209316861791084 0.037627265027114644