4 0.8419254422292324 0.36269856800529454 0.08087833703942984 0.20515110831306052
4 0.14511809904148248 0.23599256303532484 0.10447946350286301 0.23341246369925478
3 0.06212080932289167 0.6065908884654856 0.11889648750696813 0.2944317769309713
3 0.1960958335233885 0.5386226593463328 0.12204875858420698 0.29913745764913047
3 0.5819151588553535 0.5205554780389983 0.09191583098930564 0.22240224082661797
4 0.697228104109648 0.8704332790722706 0.08865447560311139 0.19894656010845857
0 0.5848992582896193 0.49635490875715754 0.025236349336070062 0.040770445745273776
6 0.6156104654477706 0.9410497852205907 0.09863748789975162 0.034947692622015934
6 0.3325388902140015 0.89487318022718 0.040806807181592394 0.031486349336070064
8 0.45847013113881524 0.9213862041330891 0.045530668617910844 0.03776362041330898
5 0.4711746642181066 0.9566151770057261 0.023610216822512697 0.029823855386194253
2 0.44068318832040754 0.9525316650036736 0.032985216822512695 0.0298783975406721
7 0.5195621672431687 0.9483032281371943 0.056622704722264314 0.06438975292686636
7 0.39053319739559383 0.9264595235131257 0.056622704722264314 0.06438975292686636
1 0.767906159248137 0.2622713211285525 0.05680451190385653 0.09563975292686618
3 0.737138990041051 0.6136429235878805 0.11721581283893308 0.27411018657189173
3 0.6589952884420446 0.47569295081343943 0.134430583916172 0.27889768052176755
3 0.6206463816297946 0.598121941836449 0.11096581283893307 0.2740738251355733
3 0.6099219841873185 0.5004066045024315 0.06991356596219109 0.20039997579950325
3 0.554934502337691 0.44852594193464485 0.11068401170746504 0.2256363251355733
3 0.5157907099868216 0.5686066377781145 0.148493083916172 0.27897949375348396