6 0.6740349614496765 0.849304183243186 0.09725680800445424 0.033939742679817544
6 0.3955196101209036 0.886143301281048 0.039389764003817974 0.028579533338636054
7 0.5869167694541308 0.883134837921731 0.04911020934118149 0.05837612133990859
7 0.4597457421228125 0.8994603666056846 0.05070907200827222 0.06151930267345449
8 0.5227542721196309 0.8752865225970939 0.04418635200509069 0.03800907733927232
5 0.542640058123767 0.9055280059277759 0.02538180800445424 0.03310340133672725
2 0.5122167614576306 0.9097887919319122 0.023782945337363515 0.029960220003181704
3 0.8433089360677697 0.48947355521964153 0.10637945870463454 0.28088746801399933
4 0.6854440814369498 0.7554087325748224 0.061882929344363194 0.08195907200827239
3 0.6882219940722238 0.5240950979074134 0.09507833203372584 0.24951019867918128
3 0.5062560207669954 0.7332717452657758 0.07863517202418073 0.17901588534372675
3 0.43058331142581385 0.6763319492759571 0.09097263470717998 0.299455654678545
3 0.3390663313971789 0.46643078528804754 0.10797832137172544 0.28403064934754474
3 0.2810992900620426 0.45382224462922893 0.08752037070336191 0.27129429201145394
3 0.47154247672658817 0.43597912193668475 0.09985673870145302 0.25737724267981754
3 0.4558072940404072 0.29239275393859376 0.06262836401972649 0.1460215720082724
4 0.5349851693586807 0.18051891526100333 0.07918061203054413 0.22589088534372678
3 0.6574874253659985 0.23300702124445866 0.10734197469763487 0.2293431493475448
3 0.5798544160566338 0.4104967692552764 0.09062718936981647 0.269768154678545
1 0.141616977363135 0.2179131113144554 0.050963610677908555 0.08339430267345423