6 0.6989576432209142 0.8240025221573933 0.10030908267027261 0.027144282981095457
6 0.4066610552196416 0.8350774193052818 0.039353401336727246 0.025227258976990186
7 0.6041264012174145 0.8503337388817102 0.045985209341181485 0.058076120413308986
7 0.4720496978835508 0.8550081242239379 0.04756589067472703 0.05964771077238851
8 0.5386741238860961 0.8358717839630543 0.04414998933799978 0.03462953005422946
5 0.5554889065484145 0.8678030400131785 0.01593408267027261 0.026653403590795932
2 0.5249837938813237 0.871105302015231 0.022202264003817973 0.028252265027114733
1 0.6667420573281365 0.03639954567051913 0.041515885343726924 0.07279909134103826
4 0.9825183146085481 0.4223798930616816 0.028199914703998276 0.27514544574527394
4 0.39842293590868605 0.6702927566392993 0.06980561203054406 0.22539088544042354
4 0.27304605398631876 0.0991858919815271 0.05528857869190791 0.186246572208707
3 0.7735694812619578 0.5212451608192707 0.07234990404199806 0.30977497579950325
3 0.740493899268003 0.4769093535394825 0.12194991470399827 0.275690867290051
3 0.6329092132797752 0.39082238349551596 0.09208060136854393 0.25989315046753825
3 0.6097171612826386 0.3698649888817102 0.06451922270845252 0.3081670240041051
3 0.419948325986637 0.09651768252527788 0.06162948535963508 0.19303536505055577
3 0.4220904392902748 0.3147103771508042 0.12758174936345307 0.22260222872636942
3 0.400486517266094 0.49294900663929936 0.0936976453691802 0.2645897408266178
3 0.2927018366088663 0.42404953659533284 0.07779992536599849 0.24106133723582168
3 0.2588353666056846 0.4476824793155446 0.12196809603754373 0.27725336729005096
3 0.06548699797104679 0.21288581938003662 0.0715135626989076 0.23789997579950323