8 0.7793747816253631 0.99375 0.03913522287263689 0.0125
7 0.7325088719844427 0.9921875 0.023528403590796287 0.015625
7 0.6473753478821418 0.98828125 0.028261355386194252 0.0234375
4 0.7204411849215717 0.78359375 0.21189302946505428 0.4328125
3 0.8690978953011769 0.47734375 0.09680331888905727 0.25625
3 0.9566155551384888 0.60859375 0.08240551736480554 0.4671875
3 0.7495984615579554 0.471875 0.12332036709365912 0.2484375
3 0.38597632309246976 0.53046875 0.18316806576579933 0.3296875
4 0.10448140427816724 0.43828125 0.07770788524403183 0.196875
3 0.01947618696467517 0.44375 0.03895237392935034 0.3125
3 0.1631331998504905 0.696875 0.30023843285945856 0.578125
3 0.32811837129707166 0.53828125 0.1423248971478886 0.2921875
0 0.3469229134515494 0.52890625 0.029978391490547728 0.05