7 0.3197479981301304 0.9603890959182244 0.0223840773392725 0.04387726502711473
7 0.24013322346431218 0.966175487605164 0.016134077339272503 0.04384090359079629
5 0.1628440174649485 0.9704130148307228 0.020657945337363426 0.029805674668035208
2 0.13942469879849392 0.9718391594445286 0.025399989337999786 0.03452044574527378
8 0.19484799546463033 0.968255617191855 0.04104317067154524 0.03617384933607006
3 0.8712179494350408 0.754236628211949 0.09707718403881671 0.286482921544777
0 0.7176634987269063 0.4478952037403057 0.023910214672181594 0.040761355386194256
1 0.6109851427036801 0.2761923996819713 0.04144316000954511 0.07054884933607006
4 0.6414089867122706 0.33964636650448404 0.04411472135581711 0.16587043969514975
3 0.659379378739633 0.5412997700952802 0.09337038136536221 0.23646474082661778
3 0.685361170751087 0.6258202158405541 0.131106738701453 0.25699540944452864
4 0.5555304094525401 0.8799905357606679 0.07938060669954403 0.24001892847866416
3 0.05047873543917695 0.7799283945156098 0.06560900803627105 0.2675511143631848
4 0.044589078055361095 0.4080443041565303 0.05249084269572594 0.2143533914905479
3 0.23725783605186127 0.38338571350286305 0.05868629869508961 0.20970225292686626
3 0.37341351205440654 0.4029265747427898 0.06341016136218051 0.2128545240041051
3 0.3548827827418602 0.5559334000747548 0.09035446936663485 0.24582156010845857
3 0.24645321208622334 0.6365470749391815 0.06827947469763487 0.22850679508134383
3 0.7113145960773146 0.5736310019449076 0.08128855203690755 0.2723295179539809
3 0.5286106367361331 0.5147594751121322 0.07621924403245295 0.239489746876742