4 0.90078125 0.413737211211051 0.0953125 0.227671561346272
4 0.58984375 0.7556365465865946 0.0890625 0.18228633601209018
0 0.50546875 0.34177458859804866 0.0234375 0.042460220003181705
3 0.75625 0.28573148456400477 0.0796875 0.22123974801081764
1 0.821875 0.24278036855509605 0.0453125 0.08021475867281787
3 0.68359375 0.4412644165738679 0.0828125 0.22908861067790856
3 0.70703125 0.6261479465706863 0.0921875 0.25107269867918125
3 0.553125 0.5685638079249126 0.115625 0.287282918682363
3 0.46640625 0.46019787193668477 0.0984375 0.2511454240133631
3 0.4015625 0.5445461472788207 0.1265625 0.27647268801718106
3 0.390625 0.45092341661363883 0.1 0.23241360534690844
3 0.36328125 0.28561658995068406 0.1078125 0.2340670120146357
3 0.2921875 0.27785009062700183 0.115625 0.25290791868236295
3 0.1671875 0.47149209731063746 0.0921875 0.24638519867918127
4 0.2453125 0.17370803063336518 0.0828125 0.1978386106779086
6 0.59140625 0.9079621152530493 0.1015625 0.049619286680454164
6 0.32265625 0.8571830546228657 0.040625 0.03172271467218124
7 0.5015625 0.9090075419319122 0.03125 0.05661362667090906
7 0.378125 0.8885688672820024 0.0546875 0.06938634667409076
8 0.4421875 0.8878234326066391 0.05625 0.042842028007635945
5 0.45234375 0.9197365039385937 0.0296875 0.03784544533736352
2 0.425 0.9145859272756389 0.0296875 0.03784544533736352