4 0.8640796389564651 0.265625 0.07163060206654456 0.2265625
4 0.6452644438003663 0.6796875 0.06979539129415606 0.1796875
0 0.45532680767257167 0.29296875 0.02054884933607006 0.040625
3 0.689602334603543 0.17578125 0.055987421348385344 0.2234375
1 0.7430727682485685 0.11640625 0.0379545179539809 0.078125
3 0.6573614854638647 0.34609375 0.05915787314378349 0.23125
3 0.7282092748878679 0.52265625 0.06708854781181853 0.2515625
3 0.5611263140172834 0.5046875 0.08604762607064967 0.2875
3 0.4475546934075828 0.4203125 0.07334763817089822 0.253125
3 0.4040087056060271 0.51953125 0.09847490319801278 0.275
3 0.3701564012531051 0.4296875 0.0763453731437835 0.23125
3 0.3007483919815271 0.27421875 0.08572037314378349 0.23125
3 0.22803305464750956 0.284375 0.09051695745273883 0.25
3 0.15486267847866403 0.50703125 0.0670612767345796 0.246875
4 0.1558995002945876 0.19453125 0.06364538524403182 0.196875
6 0.6865838145082629 0.82890625 0.10178975897699054 0.0390625
6 0.4075730253788472 0.846875 0.039217036104353474 0.0265625
7 0.5973804139425287 0.853125 0.02532725292686635 0.05625
7 0.4699730314289714 0.8640625 0.048819295081344014 0.065625
8 0.5333497301993073 0.84765625 0.05490566861791084 0.0375
5 0.5519361037358743 0.87578125 0.02677157825883114 0.0359375
2 0.5230162181972549 0.878125 0.02677157825883114 0.0359375