4 0.971875 0.2966895466524778 0.05625 0.13001475292686618
3 0.73359375 0.08323207641211948 0.0859375 0.148937469749379
3 0.66015625 0.24694057328886151 0.0671875 0.23164088544042355
3 0.78125 0.5313923204601911 0.0859375 0.21768746974937905
3 0.71796875 0.5434792300029156 0.1 0.25683178298109544
3 0.6328125 0.6744434045727548 0.15625 0.2696590359079618
3 0.40390625 0.5257751421779189 0.0890625 0.19895565046753827
3 0.41171875 0.6929171903825206 0.115625 0.21004768657189174
3 0.21328125 0.8065716659856321 0.1375 0.16642495159900647
3 0.28828125 0.09301822609409077 0.0734375 0.18603645218818154
4 0.1234375 0.05371989763886784 0.11875 0.10743979527773569
1 0.47109375 0.7581967567374953 0.1109375 0.18658291549465283
0 0.440625 0.5029052687395478 0.0296875 0.0517352168225127