2 0.16821783586107955 0.9818671026557197 0.025199987899751575 0.03452044574527378
5 0.19165533586107955 0.9817307472695255 0.020494307181592352 0.03136817466803521
8 0.2236547696043009 0.9760756449083934 0.040879530054229285 0.04398634933607006
7 0.2673729533475222 0.9703523648541641 0.03774543969514976 0.04240566861791066
7 0.3485729563725843 0.961285916182024 0.040888620413308985 0.04554884933607006
4 0.4119945860574713 0.8507569614597597 0.1032714875069681 0.294340873340175
4 0.8509777344819061 0.29740313984022776 0.0700226502711466 0.21914997579950324
0 0.41897375555914496 0.30460412412574206 0.020503397540672097 0.03293067466803503
1 0.262482861043535 0.2641069100337038 0.047302246876741984 0.07371021077238851
3 0.339083806003242 0.8074296631569619 0.09829309601642038 0.2443136022629364
3 0.32085545988862574 0.6286234071068376 0.07926129488495218 0.19576701795398072
3 0.3967134570599554 0.5070842295119363 0.112555583916172 0.2787704154946528
3 0.42089986992232953 0.3670950337666624 0.06983175273047451 0.18633747579950316
3 0.4571595567888089 0.28797516032829146 0.06530787919390768 0.21443520472226432
3 0.7426168304001306 0.6066377601553408 0.09419646935659554 0.3458488311856975
3 0.8294708940246306 0.36081165486734246 0.06383628278470362 0.2300511143631847
3 0.6612890414671067 0.4594496636479411 0.07334763817089804 0.25354315651766246
3 0.5650407553627532 0.43344622073133754 0.09358741529826116 0.2411613311856975
3 0.5705554780389983 0.5756064496540988 0.07972490319801259 0.27545451795398074