0 0.6181252268796577 0.6517674207510871 0.028406801131468207 0.048764764003817976
4 0.8535127601553409 0.7490440521164492 0.09541353571157032 0.2870283800127266
4 0.6135125332756831 0.1016765140833598 0.057349933448633726 0.18971702800763604
3 0.5411739249626226 0.18052767274026932 0.10150899960721649 0.2605386053469084
3 0.4033512172152962 0.23439646538827025 0.06394536709365913 0.24916475334181776
3 0.3224637898167867 0.4397192173774525 0.09543171642972928 0.2901533800127266
3 0.3395103892510526 0.4641379620464524 0.11416353571157005 0.28724655601527205
3 0.39006892545360194 0.5030101053866793 0.10332602966144577 0.3043067866804538
3 0.24320301581268158 0.49973856003340755 0.08939079468856051 0.326018154678545
3 0.5512967960633025 0.5892668734086329 0.13410333098930566 0.22342041335136287
3 0.6097996424725064 0.6055736734165871 0.1359112706844554 0.2656260946849082
3 0.7364172055078313 0.4632872707669954 0.10464308996629619 0.26213746801399934
3 0.8368939284786642 0.5168037167806766 0.08913626463433104 0.2822681546785448
1 0.16502958148028504 0.10427097135581716 0.053715873340175156 0.10218066534054512
6 0.6474395012765463 0.8505594567552233 0.09554884933607007 0.041734061346272
6 0.3653082573266705 0.8644652260502704 0.039217036104353474 0.027017033338636053
7 0.4277082633767947 0.8823799793920882 0.05033634328594587 0.058394302673454135
7 0.5543025796335733 0.8783839174092691 0.05508747579950324 0.06938634667409076
8 0.49110314286528983 0.8635850734006787 0.05646816861791084 0.03815452800763595
5 0.5096713356836975 0.8950532494032242 0.02677157825883114 0.036246582670272434
2 0.4807514501450781 0.8970606447326332 0.03144089754067192 0.033176126670908704