7 0.16281674267332955 0.86015625 0.05504202400410509 0.0609375
7 0.09645139928918783 0.8671875 0.05501475292686624 0.05625
2 0.06893090816798242 0.97109375 0.06586134933607006 0.040625
8 0.21809966119304453 0.9625 0.03458407825883114 0.0359375
4 0.18221566158582797 0.703125 0.06384537314378344 0.23125
0 0.34488227058625953 0.32890625 0.026817030054229286 0.04375
1 0.35265386397040127 0.321875 0.05363406010845857 0.0875
3 0.42627369203284077 0.4875 0.08473965612487895 0.33125
3 0.6642726200205255 0.3046875 0.06872377068445541 0.2640625
3 0.8726911915418615 0.81171875 0.08473056576579907 0.3296875
3 0.3733991977883774 0.66484375 0.10033738504764003 0.3265625
3 0.31819004390299355 0.84375 0.1262544695529872 0.215625
4 0.8978436441228265 0.30078125 0.08601126463433104 0.28125