6 0.3286724152212324 0.8297175087125888 0.09563976400381798 0.029234061346272
6 0.6081417392186872 0.8517219674172235 0.03780908267027243 0.02699885200509087
7 0.4181889012174144 0.8588879353914519 0.04596702800763595 0.05677725867281787
7 0.5446604945496872 0.8681731234086328 0.04756589067472703 0.05992044000636341
8 0.48161560188577796 0.8471242794000424 0.04258748933799979 0.034865896005727134
5 0.4640553845480964 0.8789555347310426 0.023819308004454243 0.03308522000318135
2 0.49294345321455085 0.8808543894016332 0.022202264003817973 0.028379538669636162
0 0.5367341946212748 0.3406657414067239 0.02387385200509069 0.0377727200031817
3 0.49499158995068415 0.3690901860677696 0.07776356269890776 0.2383727040101813
4 0.22084720731222823 0.15805959003022588 0.09158970536281678 0.21822383601209036
4 0.9520377372295048 0.7760252701304486 0.0639010573679073 0.2553965720082722
3 0.6094642646403649 0.20086799208304162 0.06028516136218052 0.2131727093411815
3 0.43288993726132147 0.53557770472627 0.12200445870463454 0.2810692813494537
3 0.4851240519175947 0.6127583700668151 0.12509309603754382 0.27798064401654476
3 0.34957909261618414 0.3759930720480432 0.135757876034362 0.25467041335136287
3 0.2513234059516386 0.3592226480346802 0.0841590133672712 0.2509454293443631
3 0.1255592426002758 0.4905897320178174 0.08597605203690742 0.27283861067790854
3 0.7221080732813661 0.39126682009863184 0.08861015603118041 0.23068747334499945