7 0.23359375 0.9318277586824028 0.025 0.04389544574527378
7 0.15390625 0.9251141503693423 0.025 0.04389544574527378
5 0.0734375 0.9183959968767421 0.0203125 0.03136817466803521
2 0.04921875 0.9174738463110079 0.025 0.03608294574527378
8 0.10625 0.9209306444174141 0.040625 0.03617384933607006
1 0.2875 0.30479762607064964 0.0359375 0.05958407825883123
4 0.28203125 0.375078309813871 0.0328125 0.129878397540672
0 0.2078125 0.42777151775758915 0.015625 0.02509090359079611
3 0.19453125 0.44410049970541243 0.0515625 0.20811248184962744
3 0.44765625 0.45572938787631045 0.05625 0.18470225292686634
3 0.5453125 0.45707878531878665 0.0484375 0.18465680113146804
3 0.28515625 0.6118152405320302 0.0890625 0.23645565046753808
3 0.62578125 0.4247344388113869 0.0625 0.18317611436318462
3 0.83515625 0.49860879692805565 0.1015625 0.20527837334017515
3 0.97109375 0.5243996581679824 0.0578125 0.22221134328594588
3 0.96015625 0.8368360256544249 0.05625 0.28470225292686635
3 0.71015625 0.7635065682016862 0.0921875 0.2599113311856975
4 0.51953125 0.899897544393973 0.0765625 0.1816954275949012