6 0.43984375 0.903125 0.1 0.0421875
7 0.5359375 0.90625 0.053125 0.0625
8 0.59609375 0.8765625 0.0546875 0.0421875
2 0.615625 0.9078125 0.03125 0.028125
5 0.5875 0.91328125 0.025 0.0296875
7 0.66484375 0.88046875 0.059375 0.0671875
6 0.72265625 0.84609375 0.0421875 0.0328125
0 0.5421875 0.090625 0.0296875 0.0390625
1 0.55625 0.1421875 0.05625 0.0859375
3 0.5671875 0.2921875 0.1578125 0.3890625
3 0.571875 0.34375 0.159375 0.3984375
4 0.6921875 0.2515625 0.1 0.2671875
3 0.53046875 0.4625 0.115625 0.3125
4 0.61640625 0.75859375 0.08125 0.1125
3 0.37109375 0.6609375 0.128125 0.315625
3 0.240625 0.46796875 0.153125 0.2875
3 0.36953125 0.31796875 0.134375 0.2875
3 0.45859375 0.55078125 0.1203125 0.321875
3 0.20390625 0.26640625 0.1265625 0.2734375
3 0.08125 0.8265625 0.115625 0.3375