4 0.6790770260472085 0.6968542148776051 0.06195562021691714 0.1753545240041051
3 0.8219043546006274 0.5374241518422803 0.08110559601642038 0.2442136083130606
3 0.954421938811387 0.6202497665000527 0.08435786104353511 0.26610678903121965
3 0.42218965914994105 0.3202109434075828 0.06341812626704132 0.1581761143631847
3 0.40205896633153343 0.3515791180756179 0.07154878883482799 0.21290906615858277
3 0.38866460772388534 0.4665046813073344 0.13873628883482797 0.21329995159900647
3 0.2750697403356385 0.41325748234060666 0.06991356596219109 0.20039997579950325
3 0.12496117690753021 0.5297597019917898 0.09820219242562418 0.22868860226293625
0 0.40487034894328655 0.29765468735745865 0.02366475897699054 0.039198855386194255
3 0.4781543546006274 0.5394240308397962 0.053662372947391644 0.36123748184962745
3 0.49643165592848726 0.4580649465308408 0.09198855386194253 0.2349022408266178
3 0.530389541172519 0.6547490489901688 0.07528284289316237 0.31761474687674196
1 0.1840528131335207 0.07783813280814492 0.036310204722264317 0.0642715782588312