6 0.66953125 0.847678048575777 0.0921875 0.026072698679181272
7 0.58359375 0.8744592719207762 0.0265625 0.05655908267027243
5 0.5390625 0.8929461899268215 0.021875 0.028379538669636162
2 0.5109375 0.8956172039306395 0.021875 0.02369203866963616
8 0.52265625 0.8618870939290488 0.0484375 0.031813621339908595
7 0.46171875 0.8829086659373211 0.040625 0.055160214672181594
6 0.40078125 0.8633052379455934 0.0359375 0.025418170671545327
1 0.6984375 0.18484169390518618 0.0421875 0.075490896005727
4 0.778125 0.2675081958943685 0.0578125 0.20692270934118148
3 0.67265625 0.38279793590868605 0.090625 0.23699201734563582
3 0.64140625 0.2472240625795949 0.0546875 0.1975113466740906
3 0.61953125 0.4052911012492311 0.059375 0.23975339067472703
4 0.51328125 0.7463711819303214 0.059375 0.13506589067472702
3 0.65859375 0.6017115679105951 0.071875 0.21958634134309046
3 0.66875 0.6969058892425497 0.0609375 0.2116465720082724
3 0.42890625 0.3231342239417754 0.1171875 0.19198860001590834
3 0.35390625 0.46463192795195674 0.059375 0.21006589067472686
4 0.16171875 0.25671198197804646 0.0578125 0.20067270934118148
3 0.18125 0.6010159653087284 0.0765625 0.2555783853437269
3 0.30078125 0.5527500932925019 0.0609375 0.2460215720082724
0 0.22109375 0.3435210913033196 0.0171875 0.03144999466899989
3 0.21015625 0.3780233606381377 0.06875 0.22267497867599956