6 0.6923497065689761 0.83359375 0.09236021682251269 0.0296875
6 0.4276650378528693 0.8609375 0.03764544574527377 0.025
7 0.6081474233914888 0.86328125 0.04406816256778647 0.0546875
7 0.4879031010845859 0.875 0.047211343285945874 0.0578125
8 0.5479366312370111 0.85390625 0.04238748789975162 0.034375
5 0.5660735528799841 0.8828125 0.0220568071815924 0.03125
2 0.5379667335981433 0.8859375 0.022038626463433176 0.028125
3 0.8599310745463982 0.4984375 0.09528627068445558 0.2640625
4 0.7043315561014378 0.74453125 0.056695427594901204 0.0765625
3 0.7116572010098311 0.5265625 0.08573855386194254 0.234375
3 0.5362128151766241 0.71875 0.07128516842151918 0.1671875
3 0.4655730622497579 0.6625 0.07977035499341092 0.2828125
3 0.3831594962875668 0.4625 0.09686695140261463 0.2671875
3 0.3291759782353901 0.44921875 0.07804422852997775 0.2546875
3 0.5103578005422931 0.4375 0.08890900565734086 0.2421875
3 0.4978436441228264 0.30078125 0.0570499515990063 0.1375
4 0.5753641352440318 0.196875 0.06998628883482816 0.2125
3 0.6897402526322786 0.25078125 0.0965669695529872 0.215625
3 0.6117930355151783 0.415625 0.07960672852997774 0.2546875
1 0.20207208098930574 0.221875 0.0473295179539809 0.078125