4 0.12372682884800638 0.353125 0.09675786709365922 0.2484375
0 0.41153538017586627 0.434375 0.029942030054229286 0.04375
3 0.5038546903825207 0.41171875 0.09683968032537571 0.2625
3 0.33322246517219273 0.86953125 0.19683058996629618 0.2609375
3 0.9190872422995557 0.88203125 0.1336942648307229 0.1515625
3 0.9420389289696434 0.83125 0.10764991529826133 0.240625
3 0.9470062893258074 0.11171875 0.0450226502711466 0.21875
3 0.8702801628623742 0.13984375 0.06988629488495235 0.1953125
3 0.5908880995324617 0.0890625 0.06197380093507654 0.178125
3 0.695774024789672 0.4578125 0.11586239109776422 0.309375
3 0.4464734615579554 0.471875 0.12816240319801278 0.275