0 0.3543179205628184 0.7401512595661657 0.028370439695149675 0.04235112646343318
3 0.4236491826630669 0.7053717385871228 0.12983398750696812 0.2944954094445286
3 0.570823122751 0.48732065447455897 0.134166963502863 0.23358518052176755
3 0.9216730713249441 0.6313781640407246 0.1392180778660478 0.2961124515990063
3 0.9476431353422278 0.39136624239775164 0.10471372931554442 0.2662431444174141
4 0.8540457306712771 0.8247468898402278 0.10149081888905727 0.25683178298109544
7 0.7732184323684792 0.897875838512368 0.026817030054229286 0.0439045361043533
7 0.8489269594958422 0.8849349560970066 0.029942030054229463 0.04392271682251305
8 0.8934354835981433 0.8807696308632373 0.03457498789975162 0.03457498789975162
5 0.9238724173413647 0.8751236188611848 0.025190897540672098 0.032957945745273776
2 0.9465104866232054 0.8718668086545304 0.025172716822512698 0.029832945745273776