2 0.11015625 0.9963823689007778 0.021875 0.007235262198444304
8 0.16875 0.9934050872358217 0.0375 0.013189825528356635
7 0.21328125 0.9935368974424762 0.0359375 0.012926205115047652
7 0.29765625 0.9929988145478559 0.0375 0.014002370904288242
4 0.3765625 0.8759863039601384 0.075 0.24802739207972307
4 0.890625 0.38565025467538205 0.046875 0.2237102107723885
0 0.4453125 0.3408720023376911 0.015625 0.03290340359079611
1 0.2890625 0.2813692164297293 0.040625 0.07367384933607006
3 0.30625 0.849437960379605 0.075 0.2473113372358217
3 0.30703125 0.662723755559145 0.059375 0.1972204336450254
3 0.39921875 0.5476350867448423 0.0859375 0.28174996974937905
3 0.440625 0.40646973126045216 0.0515625 0.18779998184962743
3 0.4859375 0.32782710167376117 0.04375 0.2174420300542293
3 0.74375 0.6910457609218981 0.059375 0.3534704336450254
3 0.86171875 0.4487633330324091 0.040625 0.23617384933607005
3 0.6765625 0.5304986254814745 0.046875 0.2596477107723885
3 0.58046875 0.491658318398078 0.071875 0.24416815651766227
3 0.5703125 0.6376929810640604 0.0515625 0.28154998184962743