4 0.434375 0.9263791301758662 0.0703125 0.13947156615858275
1 0.54921875 0.3530547387835144 0.053125 0.08624657220870695
3 0.7265625 0.7496792330279778 0.10625 0.2756181444174139
3 0.559375 0.6131519014494968 0.0546875 0.3018806625677867
3 0.5484375 0.7054030339630541 0.0890625 0.3317681504675381
3 0.378125 0.6235813831027326 0.0765625 0.3066954275949012
3 0.3421875 0.4128529613615637 0.046875 0.2315227107723885
3 0.36171875 0.4518018318730685 0.0796875 0.2582761083130604
3 0.08515625 0.6276295754301608 0.0796875 0.3270261083130606
0 0.55859375 0.3592501966290367 0.0234375 0.040761355386194256
6 0.2078125 0.8925409822424107 0.05 0.03154089149054755
6 0.2046875 0.9355279129605701 0.0421875 0.03618293969514994
7 0.15859375 0.8920460785534189 0.0296875 0.03454771682251305
7 0.15703125 0.9350239189124985 0.0296875 0.0376727168225127
8 0.10625 0.8861006055825861 0.04375 0.03462953005422946
2 0.11640625 0.9344790182485685 0.025 0.029832945745273776
5 0.08515625 0.9315358254301609 0.0234375 0.029823855386194253