4 0.25234375 0.35878246463241065 0.065625 0.16795111600890866
3 0.60390625 0.5515666645846856 0.121875 0.20298064401654478
4 0.44765625 0.72682229793923 0.0703125 0.1695681600095451
3 0.709375 0.3222144245703681 0.0609375 0.1616465720082724
3 0.55625 0.5849336952578217 0.103125 0.22151246801399935
4 0.85 0.23385935455127801 0.0625 0.16478975334181775
1 0.27890625 0.2740983819621381 0.0359375 0.05666817067154524
6 0.42578125 0.9309830866088664 0.0546875 0.04438634667409076
6 0.5671875 0.9019939259230035 0.059375 0.04912839067472703
7 0.496875 0.9160933359325485 0.075 0.05243520401018138
7 0.6390625 0.8855325845799131 0.0734375 0.05085452267663584
2 0.70390625 0.869934309237777 0.0359375 0.03948067067154497
8 0.76953125 0.8574519432288685 0.065625 0.044513616008908484
5 0.8328125 0.843434349220278 0.028125 0.03626476400381797
3 0.40546875 0.3179381939449571 0.0859375 0.17912497334499947
3 0.4390625 0.27145354527373 0.0828125 0.17440111067790856
3 0.5171875 0.25257572859645777 0.0671875 0.15859429734245412
3 0.484375 0.3490512866009121 0.0859375 0.17912497334499947
3 0.5484375 0.4084621019255488 0.0953125 0.163609061346272
3 0.6171875 0.46078712324954924 0.0984375 0.20739542401336308
3 0.64375 0.4440717905792768 0.09375 0.21671588001272682