4 0.8340533340143679 0.20359059922027792 0.061982891294155705 0.1803965720082724
3 0.9578640596174793 0.40060086453696053 0.06369083703942983 0.20541475334181775
3 0.5992884903356386 0.40789848058564004 0.07778060811666876 0.21026588534372692
3 0.44196582796424355 0.22534161394018457 0.05089085518980241 0.1537068026734542
3 0.29767651424154773 0.5371978186266837 0.08557492739850954 0.20723179201145392
4 0.4198611073311018 0.7232887652769117 0.0604567527304745 0.18662839067472703
3 0.15152419778837733 0.6631256139799555 0.08718287919390763 0.21506247334499945
0 0.3320550176593933 0.2688108979551384 0.017342036104353475 0.02676249466899989
3 0.3789714451560987 0.40968079861554785 0.0870283430895542 0.18849997334499946
3 0.39086291197861145 0.439231938613957 0.07140334308955412 0.18831816000954493
3 0.3865794120768073 0.3744336419478206 0.06993174668035032 0.20392497867599957
3 0.36817887002052546 0.3004239772835932 0.03802724082661779 0.09106135200509069
3 0.3456907916634984 0.3295938566200022 0.062101065962191095 0.2007090720082724
4 0.2798339875069681 0.29051372262891084 0.055669258780598696 0.16938634667409058
1 0.35198572257804933 0.20294954061904763 0.0362011204133089 0.04573067067154524
6 0.7246718480595238 0.8752212459023226 0.05178975897699054 0.039662484006999676
6 0.5818121823684793 0.8956348379217308 0.056495439695149585 0.042842028007635945
7 0.6520701402140016 0.8854416779121859 0.07212953005422928 0.044586341343090655
7 0.5099780889843375 0.9035024292648213 0.06900453005422928 0.044549978675999566
2 0.4467377456001958 0.9112700232734119 0.03302157825883114 0.036319308004454244
8 0.3796002425751337 0.920645570615866 0.05179884933607006 0.04122498400699968
5 0.3155695588319124 0.9268597552912292 0.033048849336070066 0.04100680800445424