2 0.14636101657923878 0.9863056595427245 0.028288626463433088 0.02738868091455089
5 0.17214226657923878 0.9863874727744409 0.023601126463433087 0.02722505445111807
8 0.2025655647838407 0.9786340601084585 0.04400453005422929 0.04273187978308286
7 0.24940874852706205 0.9740743460164204 0.042451120413308986 0.04555793969514958
7 0.3321439804748853 0.96127488504764 0.044040891490547726 0.05025453005422946
3 0.5609804901392468 0.5477765081914235 0.13310443325224205 0.3195135901626879
0 0.45589703863843634 0.34482824931262895 0.022074987899751618 0.03450226502711464
1 0.5929016140685971 0.2604719509116353 0.05518746974937905 0.08625566256778665
4 0.6909487495090206 0.3282275983541114 0.08723742134838534 0.22393746974937895
4 0.4570621672431687 0.94649879185989 0.0881363251355733 0.10700241628021985
3 0.48583556527481997 0.6567106257760621 0.11427262002052548 0.30534200585373233
3 0.4288174299325923 0.5243521228491959 0.08085106596219109 0.2004636083130606
3 0.3826282311622563 0.5076777072563472 0.11536242134838534 0.2241010962128122
3 0.4141832790722707 0.6945737192583996 0.10500670432948081 0.32403746369925485
3 0.12353905659241718 0.42101700282867044 0.10158172247985346 0.27245678298109544
3 0.40766861689726747 0.38048394818116077 0.1373828670936593 0.24922836123992678
3 0.46364590612487894 0.333936201108027 0.08691016842151918 0.16768746974937904