4 0.121875 0.3248556440165447 0.10625 0.24029883068109026
0 0.359375 0.4854317067154524 0.0296875 0.042532945337363515
3 0.45078125 0.4943078147278609 0.1078125 0.25281701201463563
3 0.1640625 0.8417527900222715 0.190625 0.231905622692544
3 0.69453125 0.9841504700429524 0.1234375 0.03169905991409507
3 0.7578125 0.9484765993793616 0.159375 0.10304680124127685
3 0.95546875 0.3618991354630395 0.0890625 0.21353633601209038
3 0.8609375 0.36001791478354006 0.078125 0.18840906667727228
3 0.625 0.22289753341817792 0.0703125 0.182068160009545
4 0.98203125 0.309083218133312 0.0359375 0.17698067067154524
3 0.6109375 0.5938276514162689 0.128125 0.2983658693507266
3 0.38125 0.5309987453850885 0.1375 0.26722495735199914