8 0.7435009141389204 0.9740945505649592 0.04238748789975162 0.034865896005727134
7 0.7005821611138583 0.9660007872374589 0.031486349336070064 0.040988626670908704
2 0.7966031882412213 0.9773826352244142 0.026717036104353654 0.026871582670272433
5 0.7755139834207612 0.9768468332272775 0.025163626463433175 0.028415901336727244
7 0.6264497695251147 0.9520206505808677 0.026817030054229286 0.044059082670272434
1 0.055222789424003195 0.175907971992364 0.02539088544042356 0.06747840133672711
4 0.10023076239483601 0.2277244633195461 0.05706813231716561 0.14127952800763593
4 0.27054117887144746 0.7632063352960017 0.08403969847574846 0.21190111067790873
3 0.19361558538910992 0.6922313113065013 0.13120558996629614 0.2624465506842718
3 0.23026719945770707 0.4347909813017288 0.09809310811666876 0.21050224267981754
3 0.2828195068356911 0.5326103159611837 0.09032605991206691 0.2182238360120902
3 0.3748757175098838 0.41982795794877514 0.10279878883482799 0.21368178668045382
3 0.3916546722321481 0.3555745539465479 0.11032039734428026 0.16377269334818118
0 0.49245410295030734 0.3512768579328667 0.018904536104353477 0.026780676002545346
3 0.46600068725926275 0.3328359406031393 0.09463176483072289 0.15265338001272663
3 0.425529181601922 0.5754779739417754 0.09349651170746505 0.22607269867918128
3 0.49337469087350005 0.7301467452657759 0.09822946350286302 0.23393974267981754
3 0.8536774283804682 0.4322241292170962 0.1104567527304745 0.18721019334818118