4 0.303125 0.71796875 0.0609375 0.18125
3 0.15546875 0.55 0.0796875 0.2546875
3 0.02890625 0.63359375 0.0578125 0.2765625
3 0.57734375 0.3265625 0.0625 0.1640625
3 0.5984375 0.36015625 0.0703125 0.221875
3 0.6109375 0.48125 0.140625 0.2203125
3 0.73125 0.42578125 0.06875 0.209375
3 0.8875 0.55 0.096875 0.2375
0 0.596875 0.303125 0.0234375 0.040625
3 0.515625 0.55625 0.046875 0.3765625
3 0.49765625 0.46953125 0.090625 0.2453125
3 0.46015625 0.67578125 0.071875 0.3328125
1 0.83125 0.075 0.0359375 0.0671875