8 0.9371082155459665 0.8780786491909918 0.04396816861791066 0.03775453005422946
7 0.8918366221618248 0.8848462787776832 0.033057939695149585 0.042378397540672096
2 0.9879989993617269 0.8651019262201591 0.02400200127654628 0.032967036104353656
5 0.968321854109648 0.8720104563725843 0.026780668617910664 0.0376545361043533
7 0.8145701402140014 0.8976775560032418 0.03151362041330898 0.04549430718159257
0 0.15901346916020379 0.4759090359079618 0.023655668617910842 0.037636355386194253
3 0.14430607454639804 0.49926017749670537 0.10308968032537576 0.26309087334017517
4 0.25972147540671975 0.3296249092481369 0.08097833098930574 0.22233860831306052
3 0.5342583879745064 0.38590776726660986 0.09838399960721667 0.2599386022629363
3 0.9163850867448424 0.4045366100615763 0.12028627068445559 0.26475336729005094
3 0.6177213695295463 0.6324787611182898 0.11718854176169416 0.2694226865718917
3 0.9419118066906129 0.36093660098639 0.09534990319801295 0.275545421544777
3 0.914349367191855 0.18890706488203657 0.10291696350286302 0.23340337334017516
4 0.7266474385167992 0.8245122458947833 0.11576239714788841 0.29285109621281225