6 0.7172985632161417 0.867512812151562 0.10043635200509052 0.03808178298109581
6 0.43318664521009664 0.9103941619786114 0.042532945337363515 0.029932939695149586
7 0.6278088018778238 0.9037134116840239 0.05227157200827239 0.06123748184962743
7 0.4986752852085058 0.9224947070599555 0.0569954346753633 0.06438975292686636
8 0.5622656178787783 0.8963003666026801 0.055160214672181594 0.04094316256778683
5 0.5822235818746421 0.9268872912707149 0.026962489337999784 0.034529536104353296
2 0.554034947207233 0.9321924148072818 0.03319430800445424 0.033003397540672094
4 0.5674445612269594 0.7869480925003789 0.06844201201463562 0.10820338544042354
4 0.7761057772915474 0.3123485891807293 0.08117946403563484 0.2629545179539809
4 0.014670479988864149 0.2844659035907962 0.029340959977728297 0.2408068071815924
3 0.30124903859009444 0.5658533007386847 0.15777832670272557 0.2665249455488821
3 0.2733240332590943 0.5485021742752515 0.13893742003499837 0.2586033612399266
3 0.4479615012730937 0.44638620413308916 0.11055788136536222 0.2365647347764936
3 0.4932836392823205 0.37867652936685825 0.16090332670272572 0.26654312626704135
3 0.4774057426400467 0.19888449023744265 0.0822510680299077 0.22077610831306052
3 0.49901656596118366 0.2888600504440971 0.09180788136536222 0.23645565046753828
3 0.6599615146005939 0.4905912429679171 0.10347263470717998 0.2990192829810955
3 0.5873592612587761 0.5526730864502547 0.114246502705271 0.28502041549465285
3 0.5273650012333227 0.7398367431643089 0.0930249360279987 0.2067772408266178
1 0.5901693719764556 0.1768827460911751 0.05888519867918127 0.09252384328594583
0 0.4565279792727755 0.44877995110802704 0.026962489337999784 0.03452953610435348