7 0.21125656158139655 0.8876743646960442 0.02996021077238851 0.04722044533736351
7 0.1332133748131131 0.8727027980187719 0.02996021077238851 0.04722044533736351
5 0.05439348322436949 0.8569408906747269 0.02361930718159235 0.0315227200031817
2 0.03097416394252872 0.8535431706715453 0.02990566861791083 0.03784544533736352
8 0.08717416696759081 0.8627914486791812 0.04397725897699045 0.03957157733927232
3 0.17840874190677233 0.6247743753580444 0.10149990924813693 0.25897610534690846
0 0.7103581786750558 0.6450276194302683 0.020476126463433175 0.028361357336090798
3 0.7817706121236896 0.45678327943981323 0.08224993949875774 0.1728204293443632
4 0.8117217325369985 0.4118162247771767 0.05258062021691714 0.17559998400699967
4 0.3641730042034125 0.7910095447167249 0.0872010599120669 0.21818747334499947
4 0.31441091618202394 0.3466504700429526 0.05876698770335986 0.1647352093411815
3 0.5560580606976337 0.3080532360757238 0.08694652985783762 0.17443747334499946
3 0.5155870759211402 0.4154021120703149 0.07763516237139498 0.18526588534372693
3 0.6429484857584523 0.5481429814210415 0.10267152380771342 0.1918067866804538
3 0.7142780642136752 0.6427293227641319 0.09660333098930565 0.2229840613462722
3 0.5820235795353774 0.8138583407463145 0.13274990924813695 0.25933973201781735
3 0.5575331605246832 0.5916833487428146 0.09327834308955421 0.18857269867918128
3 0.4673985190341353 0.6406379220639515 0.09822946350286302 0.23393974267981754
3 0.3659092627876195 0.492572044716725 0.09815674063022613 0.22143974267981753
1 0.3860046359314029 0.26154022071927036 0.040970433645025395 0.0598477146721816