6 0.59375 0.8574831635497453 0.0921875 0.033348831185697494
7 0.50546875 0.8665905188377436 0.0296875 0.056422716822512695
5 0.459375 0.8754524344305924 0.0234375 0.029823855386194253
2 0.4328125 0.8724819705349459 0.0234375 0.025136355386194253
8 0.45 0.8426944765850701 0.05 0.034665891490547905
7 0.38828125 0.8508660457687149 0.04375 0.056504530054229465
6 0.3328125 0.8207200035160416 0.0375 0.026780668617910664
1 0.7453125 0.22378889871902236 0.046875 0.0768352107723885
4 0.80625 0.31874687471491725 0.075 0.20512383723582167
3 0.68359375 0.4100854679026672 0.1078125 0.2365647347764936
3 0.67890625 0.2726127389799061 0.06875 0.19571247579950315
3 0.62890625 0.42134113047045385 0.078125 0.2379545179539809
4 0.46171875 0.728563798891973 0.0703125 0.13478406615858277
3 0.62890625 0.6174348804704539 0.0890625 0.21926815046753828
3 0.62109375 0.711230332265852 0.0765625 0.20982042759490122
3 0.4609375 0.3059120940715128 0.128125 0.19449540944452864
3 0.3625 0.42757853669352863 0.075 0.2082488372358217
4 0.21640625 0.19014723526747296 0.071875 0.19885565651766238
3 0.17109375 0.5247858556807818 0.0953125 0.25367951190385674
3 0.2953125 0.5029694221339522 0.0796875 0.2442136083130606
0 0.2578125 0.28600009075186306 0.01875 0.03135908430895542
3 0.240625 0.31735008470173887 0.0859375 0.22081246974937904