2 0.1828125 0.990060283975183 0.025 0.015915901336727246
5 0.20625 0.9897875639720013 0.021875 0.01587953866963616
8 0.2375 0.9823926873010924 0.040625 0.030160214672181596
7 0.28046875 0.9787677006285925 0.0265625 0.036246582670272434
7 0.36015625 0.9723717026177748 0.03125 0.0456761266709087
4 0.28125 0.77953985996182 0.23125 0.43706583736472593
3 0.1203125 0.49547503731700077 0.1046875 0.2449681493475447
3 0.04921875 0.6252085379933184 0.0984375 0.4433329240133631
3 0.2328125 0.4808847313017287 0.1296875 0.24057155068427197
3 0.57890625 0.5073263159214128 0.1921875 0.32098630402608974
4 0.83828125 0.39962071455286885 0.084375 0.1900442920114541
3 0.94609375 0.3928974525382332 0.1078125 0.30281701201463573
3 0.79765625 0.6500934292250504 0.315625 0.5661726293761798
3 0.63359375 0.5105962192473221 0.1515625 0.2845760893539081
0 0.615625 0.5029928045830948 0.0296875 0.04722044533736351