4 0.26953125 0.2390625 0.1 0.2578125
3 0.8671875 0.34375 0.15 0.265625
3 0.85625 0.8203125 0.1484375 0.26875
3 0.75625 0.45625 0.10625 0.3109375
3 0.41015625 0.503125 0.1390625 0.30625
3 0.20625 0.321875 0.0890625 0.296875
3 0.31015625 0.67734375 0.1390625 0.3171875
0 0.22265625 0.46640625 0.021875 0.0375
6 0.33125 0.85390625 0.090625 0.025
6 0.59609375 0.8765625 0.0375 0.0265625
8 0.47578125 0.871875 0.040625 0.0328125
5 0.4578125 0.90078125 0.0203125 0.0265625
2 0.4859375 0.903125 0.028125 0.025
7 0.415625 0.88125 0.0484375 0.05625
7 0.5375 0.89140625 0.0484375 0.05625
1 0.14296875 0.0828125 0.053125 0.0984375