7 0.30089398047488525 0.9628112720400891 0.020557939695149675 0.04242385733609062
7 0.22279625155212415 0.9665897053628167 0.015870439695149674 0.04236931333545435
5 0.14547068227028337 0.9688147293523173 0.020485216822512742 0.029923857336090976
2 0.12204681780890278 0.9708857593491356 0.02519998789975162 0.03466590133672724
8 0.17671159191120375 0.9676158560232262 0.04082498789975162 0.0348477146721816
3 0.8552082548717739 0.7708372361154947 0.09070785499341091 0.28384883601209054
0 0.7088952944921687 0.46290546276254113 0.022111349336070063 0.04087953866963616
1 0.6078953549934109 0.28986685741563256 0.04103406615858276 0.0707852146721816
4 0.6356118097156751 0.3542475307526779 0.04001698770335978 0.16451703333863604
3 0.6484941256778661 0.5543838907542687 0.08730105386194253 0.23537497334499946
3 0.6732083002477054 0.6398219514242232 0.12491013817089805 0.25456132535009013
4 0.5363815077004442 0.8849129913669529 0.07324764422102241 0.2301740172660942
3 0.03967415846257001 0.7769715800047725 0.05778627068445539 0.26471702800763597
4 0.041435083719780226 0.40826703333863607 0.048111288834828014 0.2130454400063634
3 0.23349077351312575 0.38784708736472584 0.05277151775758924 0.2084124840069997
3 0.36720724336070065 0.4104953413828614 0.05746810811666876 0.21002952800763594
3 0.3469952581914235 0.5618123933799979 0.08422150565734077 0.24315111067790857
3 0.23651682132494423 0.6394277686982713 0.06381810206654456 0.22728975334181775
3 0.7002475232185381 0.5877963747612684 0.07501013212077386 0.27116702267663584
3 0.5202100443939729 0.5255492714035422 0.07013173458010194 0.23829997867599956