2 0.01749292604277713 0.8876318102066545 0.025199987899751593 0.03452044574527378
5 0.04011735978599847 0.8932323704133089 0.022056807181592353 0.03137726502711473
8 0.07213497424737905 0.895762472774441 0.042442030054229286 0.04399543969514994
7 0.11506736281106059 0.9022624576491307 0.039317030054229284 0.04397725897699019
7 0.19311963993842363 0.9152169756031114 0.040897710772388504 0.047111349336070064
0 0.5087280218628057 0.5170395925985748 0.02836134933607006 0.040788626463433175
4 0.8359404825369984 0.40722072764621486 0.08714651775758923 0.20831246974937906
4 0.30838362997947455 0.3064919362773041 0.07632719242562418 0.2285613372358216
4 0.4259775917338217 0.9087589391059744 0.07292948165323558 0.18166815651766227
3 0.2089178776417835 0.7512408340143677 0.10618740924813697 0.2584215540583344
3 0.33336843179831377 0.7121197675611974 0.1471033007386847 0.30865790339440446
3 0.39509172697785355 0.7116975867448423 0.1032623971478885 0.29277837334017515
3 0.31887063632418633 0.5182788639704012 0.11711581888905727 0.25692268657189177
3 0.5210427112633679 0.28038447511213216 0.07786242134838535 0.2238829275949013
3 0.49090978366846655 0.3567742582896194 0.10132719242562409 0.22870678298109554
3 0.4542086935057787 0.4878151800307882 0.10295332493918145 0.23965337334017517
3 0.5149916574014253 0.5147322040348933 0.1027351563212708 0.20215337334017516
3 0.6970723834955159 0.6415770260472085 0.11407263212077386 0.27096700585373235
3 0.8434792300029155 0.7229002698006927 0.12045898750696793 0.2944408672900508