8 0.14386960654046038 0.9296875 0.039426126670908876 0.03125
7 0.18918210654046033 0.9296875 0.02699885200509069 0.0375
2 0.09079005987432395 0.92578125 0.02222044533736347 0.0296875
5 0.11262869720723308 0.92890625 0.02069430800445433 0.0328125
7 0.2649542658736876 0.93046875 0.02549089600572696 0.0421875
0 0.8387864959420936 0.4265625 0.017587489337999786 0.034375
3 0.8565188886060028 0.446875 0.0639010573679073 0.2546875
4 0.7191563432925019 0.30078125 0.04782152402927142 0.215625
3 0.46181546327977524 0.39453125 0.06072151336727103 0.25
3 0.09375525926959385 0.46953125 0.08105219470081662 0.2515625
3 0.4167007685789586 0.64609375 0.07799992003499838 0.2578125
3 0.06295070194145724 0.43125 0.054671508036271056 0.2671875
3 0.06337905796468343 0.26015625 0.0682249306969986 0.2234375
4 0.3393371952180508 0.84921875 0.07204082137172545 0.2828125