2 0.06915764626412572 0.87578125 0.025190897540671962 0.0328125
5 0.09106446252090439 0.88125 0.020485216822512742 0.0296875
8 0.12153775770044421 0.88203125 0.040870439695149675 0.0421875
7 0.16376161913676268 0.88828125 0.03773634933607006 0.040625
7 0.24116900165032 0.89921875 0.03932612041330898 0.0453125
3 0.5526867219888741 0.59609375 0.11733398750696829 0.29375
0 0.5147680445903646 0.38984375 0.02049430718159222 0.03125
1 0.658295330792914 0.3515625 0.048901108313060604 0.0796875
4 0.7275453005422929 0.4375 0.07776242739850954 0.20625
4 0.3514934232932929 0.928125 0.07880677693097127 0.1171875
3 0.4578151044042357 0.671875 0.10007376463433122 0.28125
3 0.4437702642415477 0.540625 0.07138516237139499 0.184375
3 0.4068924329576545 0.51328125 0.10275333703942983 0.2046875
3 0.3844594176359522 0.6859375 0.09235216822512742 0.296875
3 0.20214986992232958 0.36953125 0.08895445745273882 0.25
3 0.46331917407885986 0.409375 0.12319310206654457 0.2265625
3 0.5248833879745064 0.3828125 0.0790158551898024 0.153125