2 0.00546875 0.8921556837432213 0.0109375 0.03756363251355736
5 0.021875 0.8983102349728853 0.0234375 0.032948855386194256
8 0.0546875 0.9004630874322135 0.04375 0.047129530054229464
7 0.10078125 0.9072261718393648 0.0421875 0.04555793969514994
7 0.184375 0.920021087628605 0.04375 0.05025453005422946
3 0.53359375 0.5922081423743105 0.13125 0.321076090162688
0 0.496875 0.3658592658126816 0.021875 0.03450226502711464
1 0.65546875 0.3274365943661004 0.0546875 0.08781816256778666
4 0.72734375 0.42154968784843794 0.0875 0.22550906010845856
4 0.30859375 0.9341421540817756 0.08125 0.08953519867214013
3 0.4265625 0.6740808319712643 0.1140625 0.30847609621281225
3 0.41484375 0.5303990096643615 0.0796875 0.20202610831306062
3 0.3765625 0.5001529734618122 0.1140625 0.22566359621281204
3 0.346875 0.6886069402843249 0.1046875 0.32717155405833437
3 0.1546875 0.3397250544511178 0.1015625 0.27402837334017516
3 0.440625 0.3864990187395478 0.1359375 0.25079086123992667
3 0.50859375 0.35875983811958445 0.0875 0.16769656010845857