4 0.5173656610156625 0.909375 0.08699198165323559 0.18125
1 0.5207245486955812 0.33203125 0.05674087939029935 0.084375
3 0.2812519407753042 0.67109375 0.12342945140261463 0.2671875
3 0.4630700882177803 0.5734375 0.07823512607064967 0.2875
3 0.4555297781093217 0.6609375 0.11278284289316236 0.3171875
3 0.6300212388817102 0.6140625 0.0985839875069681 0.29375
3 0.7029961723303441 0.425 0.06379083098930564 0.221875
3 0.678586524789672 0.4578125 0.0983203670936593 0.2484375
3 0.9039081907753042 0.67109375 0.10495216217500314 0.3140625
0 0.5105455727978822 0.3359375 0.02522725897699054 0.0390625
6 0.7400991790678393 0.89609375 0.05019089754067192 0.0328125
6 0.7336173749113091 0.9359375 0.04240566861791066 0.0375
7 0.7853662272724412 0.90390625 0.03145907825883114 0.0359375
7 0.7781031731159109 0.94375 0.03147725897699054 0.0390625
8 0.8353435013747422 0.9078125 0.04395907825883114 0.0359375
2 0.8163435165000527 0.95078125 0.026735216822512696 0.0296875
5 0.8467986309614333 0.953125 0.025181807181592575 0.03125