4 0.717984989942855 0.6783730440993854 0.06198289129415606 0.1800420240041051
3 0.8638918667008758 0.5128212878528694 0.07958854781181834 0.2520170179539809
3 0.9794476472460844 0.5970968147838407 0.04110470550783134 0.2736920300542295
3 0.4446413760706497 0.2900771167990716 0.06344539734428026 0.1628636143631847
3 0.42373397843178184 0.3219856469514968 0.07003174063022613 0.22071247579950315
3 0.41192939090137254 0.44144417407885983 0.1403260599120669 0.217996541958086
3 0.29364702351312577 0.38685160196834867 0.06994992739850954 0.20664997579950314
3 0.13967311670087576 0.5086079064194665 0.09824764422102228 0.2365011022629364
0 0.42496922550491567 0.2657447373105764 0.02366475897699054 0.039198855386194255
3 0.5068924329576545 0.5162128908031767 0.04904759582002853 0.37371021077238853
3 0.5243657583878152 0.4311611799325923 0.09047150565734086 0.24270565046753828
3 0.5622708002477054 0.6352810533709633 0.07222147540671972 0.32853406615858277
1 0.19162896379745065 0.039394818987253166 0.036319295081343926 0.06583407825883121