7 0.2734375 0.926534187161067 0.0203125 0.04230567466803521
7 0.1953125 0.9246449551150476 0.0140625 0.04226931323171641
5 0.11875 0.921184132709949 0.01875 0.028234084308955333
2 0.0953125 0.9205392380961432 0.0234375 0.032948855386194256
8 0.15 0.9225648255283566 0.0390625 0.033039758976990186
4 0.38515625 0.9040092264868743 0.0671875 0.18164088544042373
4 0.67734375 0.35543432933898567 0.0578125 0.18939884328594586
3 0.1921875 0.37153813583320705 0.0609375 0.2284795240041051
3 0.46640625 0.4629115278147341 0.0671875 0.23476588544042354
0 0.75 0.44407412764178356 0.01875 0.03292158430895533
3 0.76640625 0.4783536788714475 0.065625 0.251944295081344
3 0.54765625 0.553845079142594 0.065625 0.28631929508134385
3 0.3984375 0.6922132084346975 0.059375 0.2675329336450254
3 0.328125 0.5410597745932803 0.0796875 0.23015110831306043
3 0.1390625 0.804659708041914 0.0984375 0.31776019262201594
1 0.64921875 0.26653545580241883 0.040625 0.07523634933607007