7 0.6459901098841943 0.9653941160884504 0.026817030054229286 0.044059082670272434
7 0.7201543177297166 0.9756327294318592 0.026817030054229286 0.044059082670272434
5 0.7958855707547787 0.9850686273869975 0.0220477168225127 0.02986274522600496
2 0.8177469352161593 0.985186806055043 0.02519998789975162 0.029626387889913987
8 0.7654395466524777 0.980847488104677 0.04083407825883114 0.0364102146721816
1 0.2773290726996863 0.27433911803786193 0.03625566256778665 0.05510567067154524
3 0.3778876089022357 0.31379306405154306 0.05386131908544911 0.12718066534054512
4 0.13879277176460988 0.4508641606858627 0.06518970452587255 0.1944954346753633
4 0.2407809559988106 0.7817607193666348 0.07468287919390768 0.214917022676636
4 0.8085876421779188 0.41334236211008585 0.044631764830722884 0.1520715773392725
3 0.7370848260193361 0.4828276114337681 0.06976812021691714 0.17579997867599956
3 0.6390058743221338 0.5543475280871778 0.08237720452587247 0.19469542934436318
3 0.6154820159108774 0.5689185580839962 0.06050220452587265 0.19444089067472686
3 0.49379336827200965 0.5354691640674514 0.07304765632127079 0.20239884134309047
3 0.5755468414392342 0.71846402474536 0.09496810811666875 0.21046588001272665
3 0.6356258233870573 0.7324452560868597 0.11085672852997774 0.25596019334818115
0 0.6876110250842595 0.6603889900938593 0.020503397540672097 0.03304885733609062
3 0.05934512451852553 0.6772988440085905 0.08254992134838532 0.22438292934436319
3 0.2104672629840112 0.6204595926957259 0.07471924063022613 0.22116702267663585
3 0.34056889520298095 0.41649080271322514 0.04948289129415606 0.18025112133990878