7 0.7220281134627213 0.9448524932368226 0.023946577339272503 0.044022720003181706
7 0.800198566796585 0.9478496765595505 0.025509077339272324 0.044040901336727244
5 0.8775786794636758 0.950074700549051 0.020657945337363516 0.029923857336090976
2 0.901824701463994 0.9521366398790964 0.025399989337999786 0.03466590133672724
8 0.8463104981301305 0.9488758272199597 0.041024989337999786 0.0348477146721816
1 0.28129764270368013 0.2694199726289108 0.03344884667409058 0.05506930800445433
3 0.3879203600413617 0.3002148919478206 0.04682155068427196 0.13021475867281787
4 0.1546276967297698 0.46310743264641 0.05543402936027149 0.19905566534054522
4 0.2897594114417223 0.7951739506285926 0.06348288669636233 0.21945907200827222
4 0.8394652260502704 0.3605945772199598 0.03617495202099903 0.1550874893379998
3 0.7731867927275425 0.4395013745624139 0.059885172024180734 0.1787977093411815
3 0.6780475627386785 0.5226507765754587 0.072603348026726 0.19769316000954512
3 0.6555822167409057 0.5393206559118677 0.05074652936027135 0.19900112133990877
3 0.5271754060709514 0.5165927752625942 0.06331925469445317 0.20539657200827222
3 0.6269497814289956 0.6974876919160039 0.08528516136218052 0.21346361067790837
3 0.6911304600970409 0.7068985072406406 0.09831242003499838 0.2589215613462722
0 0.737868552752996 0.6274377265675046 0.019131808004454243 0.03303067600254543
3 0.09337421276254104 0.7052591173217733 0.06984197469763494 0.22890679734245403
3 0.2441003714194506 0.631620527967865 0.06199311203054405 0.22569089067472686
3 0.3594964627227702 0.409154087285184 0.03964539735836255 0.1848113520050907