0 0.592276462815492 0.68671875 0.02678975897699054 0.0390625
4 0.7147832427715255 0.7953125 0.10450673458010193 0.2375
4 0.6611021682251274 0.296875 0.05876698770335977 0.1640625
1 0.6577180929913583 0.25234375 0.04419542759490121 0.0765625
4 0.058672580694718125 0.41640625 0.0807692527304745 0.1859375
3 0.18506742993259234 0.521875 0.09673059601642038 0.24375
3 0.3194424299325923 0.521875 0.09190674063022612 0.2203125
3 0.5491122700952802 0.653125 0.11829652380771342 0.190625
3 0.6370526316297946 0.59453125 0.08867265632127079 0.2015625
3 0.658941267168414 0.596875 0.0765089996072165 0.259375
3 0.5511368157657993 0.3296875 0.06511698165323558 0.18125
3 0.5340811259724537 0.35234375 0.09941016842151917 0.1671875
3 0.4936333879745064 0.3828125 0.10426129488495235 0.1953125
3 0.5375697403356385 0.41484375 0.08236811416679295 0.1921875