7 0.8905781283101447 0.7873474338797328 0.056595433645025395 0.060029528007635946
7 0.9522514265147468 0.7788167712046878 0.05657725292686635 0.05690452800763594
2 0.9837362132082754 0.8667071225334606 0.032527573583449154 0.047311352005090866
8 0.8622854775480191 0.8931525385503235 0.03458407825883114 0.03633748933799978
4 0.8382156767111386 0.6504474178867324 0.07782605991206708 0.21807838534372692
0 0.6075322615110732 0.34764223325114013 0.028370439695149584 0.04251476400381797
1 0.5996834000747547 0.34148313991886736 0.05674996974937905 0.08659202800763603
3 0.568620273316734 0.508262107256549 0.1049339814568441 0.31213746801399933
3 0.3116975867448423 0.39561884595800195 0.0842578670936592 0.24940111067790854
3 0.23321560108458592 0.8723455253023651 0.10457945745273882 0.25119996801399935
3 0.6562162429679171 0.6580342932447768 0.11897830073868469 0.30917610001590834
3 0.7453701674395605 0.8070070478994591 0.13403060811666875 0.21092041335136286
4 0.09789870715815124 0.4434221886537279 0.101545361043535 0.26678860534690846