2 0.8705479503224602 0.9754372362494316 0.02519998789975162 0.03452044574527378
5 0.847114995502 0.9763548416356258 0.0220477168225127 0.02981476502711473
8 0.8150519292452213 0.971072443996758 0.040870439695149585 0.04242384933607006
7 0.7712746581679824 0.9666394740509873 0.03774543969514958 0.04240566861791066
7 0.6892025015521241 0.9600854679026671 0.03932612041330898 0.04553975897699018
1 0.3584402556573408 0.24011035295030733 0.042551114363184706 0.06274543969514967
4 0.25136407474278977 0.36730008772680095 0.05897606596219109 0.20033634328594588
4 0.7071913730455875 0.29198945287555256 0.05562380698520073 0.16125566256778665
4 0.6854548119551703 0.8530723986208265 0.06646131303532492 0.14413179508134383
0 0.725487896853301 0.4825144589256768 0.01894089754067192 0.03292158430895533
3 0.7051390354169824 0.4763826335937118 0.10418857201231528 0.18341246369925485
3 0.671318026439992 0.4375155763139237 0.0904896863754999 0.2458306504675381
3 0.7007237253085238 0.38890535949141086 0.04951016237139498 0.1846568011314682
3 0.7787487313586481 0.37126334153742996 0.052616981653235764 0.18154998184962742
3 0.7995349717924825 0.7211542572284746 0.09366013817089787 0.2536613311856975
3 0.6542355864502547 0.5899638654433392 0.0685237827847038 0.23007838544042353
3 0.436234499312629 0.451383675355406 0.09346015027114643 0.2192863311856975
3 0.33358674316430886 0.5340148890546608 0.07317492134838535 0.2238556565176623
3 0.28022993900777865 0.49448021126336783 0.06074764422102223 0.2362829336450254
3 0.09695032727687256 0.6838341236347627 0.09211581888905732 0.25677724082661796