7 0.6693690458705059 0.95390625 0.025490896005727137 0.0421875
7 0.7482207518698696 0.95859375 0.02080339600572696 0.0421875
5 0.8239565485360061 0.9625 0.020657945337363516 0.0296875
2 0.8473667765356879 0.96484375 0.025399989337999786 0.034375
8 0.7927247298695514 0.9609375 0.039462489337999784 0.034375
1 0.6509966892902748 0.3171875 0.0382454346753633 0.0640625
4 0.6508779632797752 0.39453125 0.04413290268936265 0.1671875
3 0.01964378864975078 0.35625 0.03928757729950156 0.2140625
3 0.004490408637024091 0.46484375 0.008980817274048182 0.05625
3 0.03180234130331956 0.56328125 0.06360468260663912 0.2421875
3 0.14186275855350522 0.83359375 0.12943515070018025 0.246875
4 0.14114459587846012 0.8953125 0.08788290268936261 0.1671875
0 0.7256228772676849 0.48359375 0.015952264003817974 0.028125
3 0.7394126572645032 0.50703125 0.05714198002863498 0.2109375
3 0.5523211899268216 0.5390625 0.06847946936663477 0.2453125
3 0.5746410852562308 0.56796875 0.06987833736472596 0.23125