8 0.9237542426733295 0.8494656258752784 0.03932612041330898 0.045767033338636055
7 0.9496713271786767 0.738219043205006 0.06289088544042372 0.06791475334181776
7 0.9910941952542945 0.7220849658657335 0.017811609491410963 0.07056703866963616
3 0.10223116227319902 0.2480460539863188 0.09661242134838535 0.22454656134627218
3 0.4444793122497579 0.6573728639401846 0.1359203610435351 0.2671885946849084
3 0.3564338907049809 0.5646410186187294 0.09992831888905726 0.25739542401336307
3 0.26985499950902064 0.3211006512969562 0.06658857806243948 0.16638861600890867
4 0.5283618702169172 0.16886379992841238 0.0666249394987581 0.17263861600890867
3 0.5648947887366321 0.27078937925686714 0.08695562021691713 0.17599997334499945
0 0.7131595719141194 0.23937465257004992 0.020476126463433175 0.028361357336090798
3 0.748184011707465 0.2163093225652774 0.10257152985783762 0.1746192866804539
3 0.7668794695529872 0.20671614656273207 0.11670675273047451 0.18728291868236288
3 0.843587415298261 0.2308252612190053 0.09957379488495235 0.1964579240133631