8 0.11749747122231695 0.88600515681225 0.04082498789975162 0.03461134933607006
7 0.1627917905041577 0.8888665363989411 0.029914758976990453 0.0392352168225127
2 0.06598951337679465 0.8769301386618775 0.025181807181592353 0.031395445745273774
5 0.08627019712001598 0.8822807139938422 0.023637487899751574 0.03451135538619425
7 0.23618838388829944 0.8954705395221991 0.025245439695149675 0.04233294574527378
4 0.9518154674116879 0.35382533578189335 0.04923745159900648 0.1377818011314682
4 0.6303974470218201 0.8142735190341355 0.07308401775758924 0.2082306565176623
3 0.7251968626146688 0.7676298023098186 0.11866922852997774 0.2553692769309713
3 0.7665087056060271 0.5150542481532883 0.08713742739850971 0.20674996974937904
3 0.687933732831586 0.5928525161072692 0.07937037919390769 0.2145170179539809
3 0.6340143681738137 0.4611394286750558 0.09027151775758924 0.2083306504675381
3 0.6383024132551577 0.39549170277735674 0.10248062626704132 0.15840337334017515
0 0.5439575156162899 0.3640104195016736 0.018895445745273777 0.02510908430895542
3 0.5744853529503073 0.35367690749962105 0.08679199375348397 0.14737496974937905
3 0.5394916876520461 0.5944973502198329 0.08097833098930565 0.2223386083130606
3 0.4293758233870574 0.722477425355406 0.08571128278470379 0.23017837939029934
3 0.17612966618202391 0.3419324490649236 0.10105448165323563 0.18183178298109554