6 0.4139826592139146 0.8772194675098838 0.09574885200509069 0.03805451190385654
7 0.5053161838797328 0.8829376815037261 0.04911020934118149 0.05809430113146803
8 0.5626474258832326 0.85682463339732 0.05043635200509069 0.037790891490547554
2 0.5802707305458692 0.8864075942679046 0.029978401336727068 0.025172716822512698
5 0.5528633458784602 0.8920354255517978 0.023764764003817974 0.028261355386194252
7 0.6266462912158236 0.8619206786750556 0.05541475334181776 0.06281816256778683
6 0.6832417365531871 0.8319059257481897 0.03940794533736351 0.029914758976990186
4 0.03241514029679714 0.6661971717411688 0.06483028059359427 0.25665906615858275
1 0.2939028993077739 0.18655862695441244 0.05252611067790856 0.08311248184962743
4 0.6778104439051862 0.6944468323640478 0.10568856802990786 0.22091246369925485
4 0.7880801606460919 0.14696732348525324 0.08226924936345306 0.22233860831306052
3 0.6964535452737299 0.4349809287732517 0.10000218936981646 0.2693136022629362
3 0.5628779766072755 0.434195654474559 0.09983855736790748 0.25525110226293624
3 0.5167756832829569 0.3680621152469475 0.10265447469763486 0.22870678298109565
3 0.5420574939529113 0.3436979195016736 0.09329765603118041 0.2302147408266178
3 0.5106614959420936 0.42356268150372617 0.1292351560311804 0.23042381908544912
3 0.41980068594845693 0.3772194675098838 0.1117749360279987 0.2068863251355733
3 0.3992347419637289 0.2648467325369984 0.10427151869827131 0.23340337334017516
3 0.4464251785885036 0.5731450458669108 0.10794195870463455 0.28029655405833437
3 0.23612238323523177 0.7212336088040399 0.09507833203372566 0.2489738311856975