4 0.32370372481754456 0.7153285215682181 0.07414654800821019 0.12230224687674199
1 0.7876641473442803 0.1579230042034125 0.05674087939029917 0.08470225292686621
0 0.7941641322189698 0.20085539276709402 0.026798849336070064 0.040779536104353475
3 0.7763322584860111 0.35877697707604944 0.11589875253408266 0.316288596212812
3 0.6953458788993201 0.4045621757481895 0.08748286104353512 0.26612496974937905
3 0.4614294211519936 0.35045243443059243 0.10304422852997774 0.25527837334017517
3 0.6635499364736959 0.17661443775024208 0.09040787314378348 0.23176815046753824
3 0.3908305748409856 0.30164275058917517 0.1312055899662962 0.26169199980360836
4 0.3648806323171656 0.13850694633444907 0.07787151170746487 0.22544542759490124
3 0.4076282311622563 0.503114346998379 0.10021012002052547 0.3052601926220159
3 0.7177072131100796 0.4880286607210749 0.0828589935570923 0.2770351986721401
3 0.5411992552645574 0.49843087129707175 0.12209421037960518 0.3069499576491307
3 0.7926213755796703 0.6071281186647931 0.08595672247985338 0.2723658793902993
3 0.8080423633812261 0.7062605102535366 0.14704875858420685 0.29928290339440444
7 0.42691560410964796 0.8639518530485033 0.04100679508134384 0.06586134933607006
7 0.5535780980595237 0.8804030339630543 0.033157933645025395 0.0595658975406721
6 0.33766220656897605 0.8316575035160415 0.10650453005422929 0.0443681444174139
6 0.6206928751868869 0.8675121485226306 0.040806807181592394 0.031486349336070064
8 0.49250424267332954 0.8573200579671593 0.058067030054229286 0.04408634328594587
5 0.4715968450344617 0.8894740278147342 0.02991475897699054 0.039235216822513054
2 0.5013025257526209 0.8924263109922215 0.026753397540672096 0.032967036104353295