7 0.49765625 0.90078125 0.0578125 0.0703125
7 0.378125 0.875 0.0546875 0.0609375
6 0.3203125 0.84453125 0.040625 0.034375
6 0.58984375 0.896875 0.0984375 0.0453125
8 0.44140625 0.87109375 0.05625 0.04375
5 0.44921875 0.9078125 0.0296875 0.034375
2 0.42265625 0.90234375 0.0328125 0.034375
3 0.69921875 0.4046875 0.125 0.209375
3 0.490625 0.45703125 0.090625 0.1625
3 0.41796875 0.4390625 0.0796875 0.2234375
3 0.33984375 0.47265625 0.10625 0.221875
0 0.32421875 0.5875 0.0296875 0.0359375
3 0.21640625 0.5796875 0.1046875 0.2015625
4 0.3140625 0.3265625 0.0578125 0.1875
3 0.45234375 0.5171875 0.0765625 0.1453125
3 0.4421875 0.6125 0.1265625 0.2171875
3 0.36640625 0.615625 0.1390625 0.2625
3 0.553125 0.571875 0.0796875 0.234375
1 0.37890625 0.27734375 0.046875 0.075