8 0.11113838691336153 0.9047915182485685 0.04082498789975157 0.03461134933607006
7 0.15800884173382174 0.90530005747618 0.028352258976990452 0.039226126463433174
2 0.05648270317014019 0.8996409308163551 0.02361930718159235 0.031386355386194255
5 0.07833043209290133 0.9042011657892404 0.022084078258831207 0.03606476502711473
7 0.2345577061952023 0.9071983798812786 0.023682939695149674 0.04232385538619425
1 0.9946029311109428 0.2504548960867437 0.008212475799503238 0.06879545179539814
4 0.9420228317748727 0.2913844231159109 0.04302381303532492 0.14399543969514966
4 0.639109371689855 0.7939110220591975 0.06218287919390768 0.2144170240041051
3 0.735516739078102 0.7394457149758009 0.10620558996629618 0.2615465540583344
3 0.7612853953011769 0.47289856441006695 0.07622719847574828 0.21137383723582168
3 0.6842229255517978 0.5592814920049681 0.06846924063022612 0.22070338544042373
3 0.6185939012531051 0.4260740822658519 0.08093287919390768 0.2145261083130606
3 0.6174268318730685 0.35811442262493154 0.09623971662612103 0.1599295119038567
0 0.517581367977422 0.33213370560602706 0.017332945745273776 0.02509999394987581
3 0.5481273860295988 0.31867519360397456 0.08056017447164336 0.15046360831306044
3 0.5294717930382404 0.5711189375538503 0.07007719242562409 0.22852497579950323
3 0.42396161554153505 0.7131342416121847 0.07481014422102224 0.23636474687674197
3 0.13319727761834238 0.3359324339396131 0.0932601623713949 0.1849113311856975