2 0.9533122513747422 0.9078125 0.02829771682251305 0.0296875
5 0.9306196399384236 0.9140625 0.023573855386194255 0.0234375
8 0.8977980495793441 0.915625 0.04239657825883114 0.0359375
7 0.8516543026044061 0.92421875 0.02676248789975162 0.034375
7 0.7703133990136098 0.93984375 0.03145907825883114 0.0359375
1 0.7227006600337038 0.2609375 0.04569429508134384 0.065625
3 0.7094501845287883 0.52421875 0.11866013817089804 0.253125
3 0.6775547690341354 0.63515625 0.16013054156530265 0.3984375
0 0.21063088944744432 0.58984375 0.02675339754067192 0.0328125
3 0.23866498585664814 0.60546875 0.09939198770335986 0.1640625
3 0.28796100390882484 0.5921875 0.06811471662612104 0.159375
3 0.31232974483363857 0.56640625 0.12466469847574838 0.2109375
3 0.29046331431187106 0.69921875 0.1834953186926656 0.3859375
3 0.43107519965409874 0.5671875 0.10106357201231528 0.1828125
3 0.4481036183702054 0.59453125 0.1374646803253757 0.2625
3 0.6123024737563998 0.57109375 0.13771012002052546 0.3046875
4 0.9624115580653552 0.55234375 0.07061352361132159 0.3203125