6 0.286025884110404 0.8116722564429077 0.09574885200509069 0.03805451190385654
6 0.55767416478354 0.8577513291425941 0.039389764003817974 0.028352258976990185
7 0.37160939544872196 0.8478955818730686 0.05069089067472685 0.05966589149054755
7 0.49373893411835823 0.8690615338648584 0.05227157200827222 0.06123748184962707
8 0.43405485144808564 0.8428444675098838 0.04574885200509069 0.03776362041330898
5 0.41407870611867637 0.8718688921779189 0.02538180800445424 0.032957945745273776
2 0.44225825011931263 0.8763927657144859 0.025345445337363513 0.029832945745273776
3 0.13109019939526986 0.45551822609409076 0.11882491470399828 0.27567268657189176
4 0.27793102609799547 0.7203069130587659 0.06344542934436319 0.08161361436318479
3 0.28155382340067875 0.4944893016224475 0.10441696936663476 0.24590337334017515
3 0.4535395534293138 0.704440497662309 0.08484880935708983 0.17548178903121964
3 0.5294929787555414 0.6516513200674077 0.10339990937299817 0.29276928298109545
3 0.6248129273949518 0.4503019226249315 0.11884309603754381 0.2772351865718917
3 0.6817259987269063 0.4398138745185255 0.0983851453691802 0.2646170119038567
3 0.49549759739017923 0.41589562724900003 0.10917719470081658 0.25218064441741406
3 0.5149641180378619 0.2759291574014252 0.06729768268618094 0.14413179508134394
4 0.44022665268936256 0.16463765427816723 0.08850106802990769 0.22081246974937901
3 0.3196783426957259 0.21221715710683758 0.11511811203054405 0.22565450585373242
3 0.3920271520528157 0.3868080909482548 0.1015101453691802 0.26463519262201596
1 0.8244203866963623 0.21396847112412107 0.05408861067790838 0.08312157220870704