4 0.15859375 0.3131398285534188 0.0984375 0.23026019262201594
0 0.39140625 0.4610041150505557 0.0296875 0.042360216822512696
3 0.47890625 0.46596380494209716 0.1 0.24276928298109546
3 0.2046875 0.8324029129605701 0.1890625 0.2635999334486335
3 0.72109375 0.9575235492847565 0.1265625 0.07729881908544911
3 0.78203125 0.9220127752806514 0.1578125 0.14779312626704133
3 0.96171875 0.3209673839864953 0.0765625 0.2066954275949012
3 0.87421875 0.32225769409495386 0.0734375 0.18167724687674197
3 0.64375 0.19781727205919752 0.0640625 0.17693520472226432
4 0.98671875 0.2684781882412214 0.0265625 0.1704670361043535
3 0.6359375 0.5564564738545956 0.1203125 0.28819995764913064
3 0.4125 0.5038501452029809 0.1296875 0.25700449980360834