4 0.2852436501729506 0.2819438498270494 0.06821471057599685 0.17695338544042355
3 0.5473679629136878 0.6187115550402931 0.126236288834828 0.2132272287263694
4 0.3253207669720222 0.7246944312091386 0.07292039129415606 0.18010565651766247
3 0.7447600716195317 0.4378695794371816 0.06192834913967822 0.1706670240041051
3 0.48884239060678497 0.6307711935057787 0.10605105386194254 0.2349840540583344
4 0.9164805355151783 0.4103071399384236 0.06350902985783762 0.1738011143631848
1 0.34654424365528824 0.20970978064340445 0.0362829336450254 0.05958407825883123
6 0.22016615524111618 0.9135938256265526 0.056513620413308895 0.04563975292686635
6 0.36956671242270855 0.943975696334449 0.06279089149054773 0.05036361436318444
7 0.2960383088319124 0.9287779432111911 0.07999657220870696 0.0535886083130606
7 0.44700591119304456 0.959931973560008 0.07687157220870695 0.0535704275949012
2 0.5150428388861417 0.9712552929400445 0.03773634933607006 0.040843168617910666
8 0.5846286310406195 0.9802257719610017 0.0705033975406721 0.03322156615858276
5 0.6510848780155574 0.988433181700118 0.028215903590796287 0.015788626463433174
3 0.45179534591822446 0.3059757265850701 0.08859084308955403 0.18800906010845858
3 0.5016135387366322 0.2744348350945224 0.0870101623713948 0.18487496974937906
3 0.5868561471478885 0.28878316052468317 0.06971357806243947 0.16602497579950315
3 0.5146680506404888 0.36967461222188536 0.09015334308955403 0.18801815046753828
3 0.5526634752103281 0.45461269360397455 0.09942834913967821 0.17088519262201593
3 0.5984395835233884 0.5340365731906657 0.10127265027114643 0.21933178298109546
3 0.6312293576256895 0.5299394256499937 0.09663969242562409 0.22867951190385655