7 0.27578125 0.9241768016224474 0.03125 0.04236930718159222
7 0.1984375 0.9207205243968886 0.0296875 0.042360216822512696
5 0.125 0.9188040212736306 0.01875 0.028234084308955333
2 0.1015625 0.9189403766598249 0.0234375 0.032948855386194256
8 0.15390625 0.9194170996306577 0.034375 0.03301248789975162
4 0.603125 0.8136786213952675 0.0546875 0.19875566256778682
3 0.68984375 0.7444241064663487 0.0515625 0.22998748184962742
3 0.68125 0.5663491034412866 0.065625 0.16756929508134383
0 0.6671875 0.23752466667300323 0.0171875 0.02822499394987581
1 0.671875 0.31249739559576434 0.03125 0.0611193071815924
3 0.5703125 0.42090076893593953 0.0453125 0.15963862041330898
3 0.58515625 0.5028456605246832 0.075 0.19731133723582167
3 0.503125 0.49941665437636307 0.078125 0.2160795179539809
3 0.4890625 0.3526234676080796 0.0421875 0.16587043969514975
3 0.34765625 0.3792273951047851 0.0640625 0.1722477047222643
3 0.265625 0.37736088895646497 0.05625 0.20032725292686618
3 0.2953125 0.6178131721339521 0.065625 0.22850679508134383
4 0.19765625 0.3488500695764284 0.0375 0.15334316861791084